Distance;Intensity;State;Counter;Encoder1;Encoder2;Encoder3;
0.000;0.000;0.000;8779.000;413620;0;0;
0.000;0.000;0.000;8780.000;413591;0;0;
0.000;0.000;0.000;8781.000;413561;0;0;
0.000;0.000;0.000;8782.000;413531;0;0;
0.000;0.000;0.000;8783.000;413502;0;0;
0.000;0.000;0.000;8784.000;413472;0;0;
0.000;0.000;0.000;8785.000;413442;0;0;
0.000;0.000;0.000;8786.000;413412;0;0;
0.000;0.000;0.000;8787.000;413383;0;0;
0.000;0.000;0.000;8788.000;413353;0;0;
0.000;0.000;0.000;8789.000;413323;0;0;
0.000;0.000;0.000;8790.000;413293;0;0;
0.000;0.000;0.000;8791.000;413264;0;0;
0.000;0.000;0.000;8792.000;413234;0;0;
0.000;0.000;0.000;8793.000;413204;0;0;
0.000;0.000;0.000;8794.000;413174;0;0;
0.000;0.000;0.000;8795.000;413144;0;0;
0.000;0.000;0.000;8796.000;413114;0;0;
0.000;0.000;0.000;8797.000;413084;0;0;
0.000;0.000;0.000;8798.000;413054;0;0;
0.000;0.000;0.000;8799.000;413025;0;0;
0.000;0.000;0.000;8800.000;412995;0;0;
0.000;0.000;0.000;8801.000;412965;0;0;
0.000;0.000;0.000;8802.000;412935;0;0;
0.000;0.000;0.000;8803.000;412905;0;0;
0.000;0.000;0.000;8804.000;412875;0;0;
0.000;0.000;0.000;8805.000;412845;0;0;
0.000;0.000;0.000;8806.000;412815;0;0;
0.000;0.000;0.000;8807.000;412785;0;0;
0.000;0.000;0.000;8808.000;412755;0;0;
0.000;0.000;0.000;8809.000;412725;0;0;
0.000;0.000;0.000;8810.000;412695;0;0;
0.000;0.000;0.000;8811.000;412665;0;0;
0.000;0.000;0.000;8812.000;412635;0;0;
0.000;0.000;0.000;8813.000;412605;0;0;
0.000;0.000;0.000;8814.000;412575;0;0;
0.000;0.000;0.000;8815.000;412544;0;0;
0.000;0.000;0.000;8816.000;412514;0;0;
0.000;0.000;0.000;8817.000;412484;0;0;
0.000;0.000;0.000;8818.000;412454;0;0;
0.000;0.000;0.000;8819.000;412424;0;0;
0.000;0.000;0.000;8820.000;412393;0;0;
0.000;0.000;0.000;8821.000;412363;0;0;
0.000;0.000;0.000;8822.000;412333;0;0;
0.000;0.000;0.000;8823.000;412303;0;0;
0.000;0.000;0.000;8824.000;412273;0;0;
0.000;0.000;0.000;8825.000;412243;0;0;
0.000;0.000;0.000;8826.000;412212;0;0;
0.000;0.000;0.000;8827.000;412182;0;0;
0.000;0.000;0.000;8828.000;412152;0;0;
0.000;0.000;0.000;8829.000;412122;0;0;
0.000;0.000;0.000;8830.000;412091;0;0;
0.000;0.000;0.000;8831.000;412061;0;0;
0.000;0.000;0.000;8832.000;412031;0;0;
0.000;0.000;0.000;8833.000;412000;0;0;
0.000;0.000;0.000;8834.000;411970;0;0;
0.000;0.000;0.000;8835.000;411940;0;0;
0.000;0.000;0.000;8836.000;411909;0;0;
0.000;0.000;0.000;8837.000;411879;0;0;
0.000;0.000;0.000;8838.000;411848;0;0;
0.000;0.000;0.000;8839.000;411818;0;0;
0.000;0.000;0.000;8840.000;411788;0;0;
0.000;0.000;0.000;8841.000;411757;0;0;
0.000;0.000;0.000;8842.000;411727;0;0;
0.000;0.000;0.000;8843.000;411696;0;0;
0.000;0.000;0.000;8844.000;411666;0;0;
0.000;0.000;0.000;8845.000;411635;0;0;
0.000;0.000;0.000;8846.000;411605;0;0;
0.000;0.000;0.000;8847.000;411574;0;0;
0.000;0.000;0.000;8848.000;411544;0;0;
0.000;0.000;0.000;8849.000;411513;0;0;
0.000;0.000;0.000;8850.000;411483;0;0;
0.000;0.000;0.000;8851.000;411452;0;0;
0.000;0.000;0.000;8852.000;411422;0;0;
0.000;0.000;0.000;8853.000;411391;0;0;
0.000;0.000;0.000;8854.000;411360;0;0;
0.000;0.000;0.000;8855.000;411330;0;0;
0.000;0.000;0.000;8856.000;411299;0;0;
0.000;0.000;0.000;8857.000;411268;0;0;
0.000;0.000;0.000;8858.000;411238;0;0;
0.000;0.000;0.000;8859.000;411207;0;0;
0.000;0.000;0.000;8860.000;411176;0;0;
0.000;0.000;0.000;8861.000;411145;0;0;
0.000;0.000;0.000;8862.000;411114;0;0;
0.000;0.000;0.000;8863.000;411083;0;0;
0.000;0.000;0.000;8864.000;411052;0;0;
0.000;0.000;0.000;8865.000;411022;0;0;
0.000;0.000;0.000;8866.000;410991;0;0;
0.000;0.000;0.000;8867.000;410960;0;0;
0.000;0.000;0.000;8868.000;410929;0;0;
0.000;0.000;0.000;8869.000;410898;0;0;
0.000;0.000;0.000;8870.000;410867;0;0;
0.000;0.000;0.000;8871.000;410836;0;0;
0.000;0.000;0.000;8872.000;410805;0;0;
0.000;0.000;0.000;8873.000;410773;0;0;
0.000;0.000;0.000;8874.000;410743;0;0;
0.000;0.000;0.000;8875.000;410711;0;0;
0.000;0.000;0.000;8876.000;410680;0;0;
0.000;0.000;0.000;8877.000;410649;0;0;
0.000;0.000;0.000;8878.000;410618;0;0;
0.000;0.000;0.000;8879.000;410587;0;0;
0.000;0.000;0.000;8880.000;410555;0;0;
0.000;0.000;0.000;8881.000;410524;0;0;
0.000;0.000;0.000;8882.000;410493;0;0;
0.000;0.000;0.000;8883.000;410461;0;0;
0.000;0.000;0.000;8884.000;410430;0;0;
0.000;0.000;0.000;8885.000;410398;0;0;
0.000;0.000;0.000;8886.000;410367;0;0;
0.000;0.000;0.000;8887.000;410336;0;0;
0.000;0.000;0.000;8888.000;410304;0;0;
0.000;0.000;0.000;8889.000;410273;0;0;
0.000;0.000;0.000;8890.000;410241;0;0;
0.000;0.000;0.000;8891.000;410210;0;0;
0.000;0.000;0.000;8892.000;410178;0;0;
0.000;0.000;0.000;8893.000;410146;0;0;
0.000;0.000;0.000;8894.000;410115;0;0;
0.000;0.000;0.000;8895.000;410083;0;0;
0.000;0.000;0.000;8896.000;410051;0;0;
0.000;0.000;0.000;8897.000;410020;0;0;
0.000;0.000;0.000;8898.000;409988;0;0;
0.000;0.000;0.000;8899.000;409956;0;0;
0.000;0.000;0.000;8900.000;409925;0;0;
0.000;0.000;0.000;8901.000;409893;0;0;
2431.869;5.275;0.000;8902.000;409861;0;0;
2882.217;38.462;0.000;8903.000;409829;0;0;
2983.358;100.000;128.000;8904.000;409797;0;0;
2998.686;100.000;128.000;8905.000;409766;0;0;
2997.609;100.000;128.000;8906.000;409734;0;0;
2982.196;100.000;128.000;8907.000;409702;0;0;
2975.778;100.000;128.000;8908.000;409670;0;0;
2987.757;100.000;128.000;8909.000;409638;0;0;
2974.184;100.000;128.000;8910.000;409606;0;0;
2972.691;100.000;128.000;8911.000;409574;0;0;
2968.160;100.000;128.000;8912.000;409542;0;0;
2991.847;100.000;128.000;8913.000;409510;0;0;
3002.971;100.000;128.000;8914.000;409477;0;0;
2998.319;100.000;128.000;8915.000;409445;0;0;
2988.364;100.000;128.000;8916.000;409413;0;0;
2982.888;100.000;128.000;8917.000;409381;0;0;
2974.245;100.000;128.000;8918.000;409349;0;0;
2971.000;100.000;128.000;8919.000;409316;0;0;
2985.330;100.000;128.000;8920.000;409284;0;0;
2987.882;100.000;128.000;8921.000;409252;0;0;
2996.030;100.000;128.000;8922.000;409219;0;0;
2994.921;100.000;128.000;8923.000;409187;0;0;
2987.777;100.000;128.000;8924.000;409154;0;0;
2990.533;100.000;128.000;8925.000;409122;0;0;
2982.795;100.000;128.000;8926.000;409090;0;0;
2984.178;100.000;128.000;8927.000;409057;0;0;
3011.984;100.000;128.000;8928.000;409025;0;0;
3068.228;80.708;0.000;8929.000;408992;0;0;
2275.242;5.763;0.000;8930.000;408959;0;0;
1844.880;5.201;0.000;8931.000;408927;0;0;
1847.513;7.497;0.000;8932.000;408894;0;0;
1856.772;6.593;0.000;8933.000;408861;0;0;
1856.080;9.768;0.000;8934.000;408829;0;0;
1854.836;10.818;0.000;8935.000;408796;0;0;
1854.525;13.040;0.000;8936.000;408763;0;0;
1852.690;12.381;0.000;8937.000;408730;0;0;
1860.412;11.404;0.000;8938.000;408697;0;0;
1863.251;11.551;0.000;8939.000;408664;0;0;
1885.363;10.159;0.000;8940.000;408632;0;0;
1879.929;6.471;0.000;8941.000;408599;0;0;
1883.050;4.493;0.000;8942.000;408566;0;0;
1884.303;5.055;0.000;8943.000;408533;0;0;
1921.248;3.492;0.000;8944.000;408500;0;0;
2909.463;5.348;0.000;8945.000;408467;0;0;
2818.860;16.459;0.000;8946.000;408433;0;0;
2974.245;100.000;128.000;8947.000;408400;0;0;
2967.114;100.000;128.000;8948.000;408367;0;0;
2955.137;100.000;128.000;8949.000;408334;0;0;
2953.835;100.000;128.000;8950.000;408301;0;0;
2944.546;100.000;128.000;8951.000;408268;0;0;
2946.750;100.000;128.000;8952.000;408235;0;0;
2950.079;100.000;128.000;8953.000;408201;0;0;
2947.464;100.000;128.000;8954.000;408168;0;0;
2933.513;100.000;128.000;8955.000;408135;0;0;
2941.711;100.000;128.000;8956.000;408102;0;0;
2953.046;100.000;128.000;8957.000;408068;0;0;
2949.726;100.000;128.000;8958.000;408035;0;0;
2949.713;100.000;128.000;8959.000;408001;0;0;
2934.515;100.000;128.000;8960.000;407968;0;0;
2951.378;100.000;128.000;8961.000;407934;0;0;
2955.846;100.000;128.000;8962.000;407901;0;0;
2949.624;100.000;128.000;8963.000;407867;0;0;
2950.673;100.000;128.000;8964.000;407833;0;0;
2958.632;100.000;128.000;8965.000;407800;0;0;
2960.666;100.000;128.000;8966.000;407766;0;0;
2958.700;100.000;128.000;8967.000;407732;0;0;
2954.118;100.000;128.000;8968.000;407698;0;0;
2955.014;100.000;128.000;8969.000;407664;0;0;
3006.980;100.000;128.000;8970.000;407630;0;0;
3067.593;12.454;0.000;8971.000;407596;0;0;
1900.511;6.813;0.000;8972.000;407562;0;0;
1844.981;7.253;0.000;8973.000;407528;0;0;
1857.533;12.259;0.000;8974.000;407494;0;0;
1866.241;15.018;0.000;8975.000;407460;0;0;
1862.543;16.581;0.000;8976.000;407426;0;0;
1873.531;18.901;0.000;8977.000;407392;0;0;
1862.535;21.148;0.000;8978.000;407357;0;0;
1863.456;19.585;0.000;8979.000;407323;0;0;
1874.313;22.418;0.000;8980.000;407289;0;0;
1873.779;20.684;0.000;8981.000;407254;0;0;
1882.190;15.043;0.000;8982.000;407220;0;0;
1908.321;41.148;0.000;8983.000;407185;0;0;
1887.396;48.669;0.000;8984.000;407151;0;0;
1884.771;53.358;0.000;8985.000;407116;0;0;
1833.551;17.411;0.000;8986.000;407082;0;0;
2969.543;50.256;0.000;8987.000;407047;0;0;
2968.428;100.000;128.000;8988.000;407013;0;0;
2954.228;100.000;128.000;8989.000;406978;0;0;
2941.627;100.000;128.000;8990.000;406943;0;0;
2934.208;100.000;128.000;8991.000;406909;0;0;
2939.761;100.000;128.000;8992.000;406874;0;0;
2946.981;100.000;128.000;8993.000;406839;0;0;
2927.108;100.000;128.000;8994.000;406804;0;0;
2923.093;100.000;128.000;8995.000;406769;0;0;
2929.104;100.000;128.000;8996.000;406734;0;0;
2929.702;100.000;128.000;8997.000;406699;0;0;
2940.573;100.000;128.000;8998.000;406665;0;0;
2939.054;100.000;128.000;8999.000;406629;0;0;
2940.027;100.000;128.000;9000.000;406594;0;0;
2939.795;100.000;128.000;9001.000;406559;0;0;
2950.905;100.000;128.000;9002.000;406524;0;0;
2950.865;100.000;128.000;9003.000;406489;0;0;
2951.295;100.000;128.000;9004.000;406454;0;0;
2950.816;100.000;128.000;9005.000;406418;0;0;
2947.983;100.000;128.000;9006.000;406383;0;0;
2952.895;100.000;128.000;9007.000;406348;0;0;
2956.400;100.000;128.000;9008.000;406312;0;0;
2950.359;100.000;128.000;9009.000;406277;0;0;
3038.705;87.009;0.000;9010.000;406242;0;0;
1827.238;14.237;0.000;9011.000;406206;0;0;
1889.061;13.773;0.000;9012.000;406171;0;0;
1871.415;12.161;0.000;9013.000;406135;0;0;
1863.528;11.306;0.000;9014.000;406100;0;0;
1868.742;21.368;0.000;9015.000;406064;0;0;
1869.328;37.167;0.000;9016.000;406029;0;0;
1866.676;53.333;0.000;9017.000;405993;0;0;
1872.619;33.333;0.000;9018.000;405957;0;0;
1866.058;27.595;0.000;9019.000;405922;0;0;
1876.585;51.038;0.000;9020.000;405886;0;0;
1873.271;44.786;0.000;9021.000;405850;0;0;
1878.048;28.620;0.000;9022.000;405814;0;0;
1874.307;9.499;0.000;9023.000;405779;0;0;
1899.022;7.228;0.000;9024.000;405743;0;0;
2916.229;10.549;0.000;9025.000;405707;0;0;
3016.586;100.000;128.000;9026.000;405671;0;0;
2970.837;100.000;128.000;9027.000;405635;0;0;
2955.607;100.000;128.000;9028.000;405599;0;0;
2943.907;100.000;128.000;9029.000;405563;0;0;
2935.492;100.000;128.000;9030.000;405527;0;0;
2939.338;100.000;128.000;9031.000;405491;0;0;
2946.708;100.000;128.000;9032.000;405455;0;0;
2944.188;100.000;128.000;9033.000;405419;0;0;
2939.158;100.000;128.000;9034.000;405383;0;0;
2943.700;100.000;128.000;9035.000;405347;0;0;
2941.974;100.000;128.000;9036.000;405310;0;0;
2941.953;100.000;128.000;9037.000;405274;0;0;
2941.436;100.000;128.000;9038.000;405238;0;0;
2952.209;100.000;128.000;9039.000;405202;0;0;
2946.486;100.000;128.000;9040.000;405165;0;0;
2943.118;100.000;128.000;9041.000;405129;0;0;
2946.931;100.000;128.000;9042.000;405092;0;0;
2953.124;100.000;128.000;9043.000;405056;0;0;
2951.047;100.000;128.000;9044.000;405019;0;0;
2948.021;100.000;128.000;9045.000;404983;0;0;
2960.746;100.000;128.000;9046.000;404947;0;0;
2961.167;100.000;128.000;9047.000;404910;0;0;
2974.677;100.000;128.000;9048.000;404873;0;0;
3028.340;20.611;0.000;9049.000;404837;0;0;
1888.607;7.741;0.000;9050.000;404800;0;0;
1848.300;10.208;0.000;9051.000;404763;0;0;
1854.984;21.197;0.000;9052.000;404727;0;0;
1863.108;24.274;0.000;9053.000;404690;0;0;
1867.648;27.912;0.000;9054.000;404653;0;0;
1868.778;36.703;0.000;9055.000;404616;0;0;
1865.247;56.996;0.000;9056.000;404579;0;0;
1865.625;98.413;0.000;9057.000;404543;0;0;
1871.826;23.736;0.000;9058.000;404506;0;0;
1866.287;23.053;0.000;9059.000;404469;0;0;
1877.868;18.901;0.000;9060.000;404432;0;0;
1874.660;14.164;0.000;9061.000;404395;0;0;
1871.746;6.886;0.000;9062.000;404358;0;0;
2935.776;7.399;0.000;9063.000;404321;0;0;
3012.346;40.317;0.000;9064.000;404284;0;0;
2959.473;100.000;128.000;9065.000;404247;0;0;
2953.169;100.000;128.000;9066.000;404209;0;0;
2937.511;100.000;128.000;9067.000;404172;0;0;
2942.292;100.000;128.000;9068.000;404135;0;0;
2940.603;100.000;128.000;9069.000;404098;0;0;
2941.492;100.000;128.000;9070.000;404060;0;0;
2940.801;100.000;128.000;9071.000;404023;0;0;
2944.214;100.000;128.000;9072.000;403986;0;0;
2937.096;100.000;128.000;9073.000;403948;0;0;
2943.358;100.000;128.000;9074.000;403911;0;0;
2947.938;100.000;128.000;9075.000;403873;0;0;
2940.105;100.000;128.000;9076.000;403836;0;0;
2941.119;100.000;128.000;9077.000;403798;0;0;
2940.453;100.000;128.000;9078.000;403761;0;0;
2940.040;100.000;128.000;9079.000;403723;0;0;
2939.368;100.000;128.000;9080.000;403685;0;0;
2938.176;100.000;128.000;9081.000;403648;0;0;
2939.143;100.000;128.000;9082.000;403610;0;0;
2949.790;100.000;128.000;9083.000;403572;0;0;
2947.667;100.000;128.000;9084.000;403534;0;0;
3000.552;100.000;128.000;9085.000;403497;0;0;
2927.687;12.234;0.000;9086.000;403459;0;0;
1859.139;13.529;0.000;9087.000;403421;0;0;
1852.705;19.829;0.000;9088.000;403383;0;0;
1861.566;24.249;0.000;9089.000;403345;0;0;
1862.753;31.673;0.000;9090.000;403308;0;0;
1865.715;44.713;0.000;9091.000;403269;0;0;
1859.666;42.613;0.000;9092.000;403232;0;0;
1855.778;36.410;0.000;9093.000;403194;0;0;
1856.543;50.623;0.000;9094.000;403156;0;0;
1865.000;41.514;0.000;9095.000;403118;0;0;
1867.613;26.789;0.000;9096.000;403079;0;0;
1874.272;24.322;0.000;9097.000;403041;0;0;
1864.639;15.263;0.000;9098.000;403003;0;0;
1875.194;9.182;0.000;9099.000;402965;0;0;
2949.737;9.548;0.000;9100.000;402927;0;0;
3016.139;100.000;128.000;9101.000;402888;0;0;
2957.005;100.000;128.000;9102.000;402850;0;0;
2955.380;100.000;128.000;9103.000;402811;0;0;
2955.417;100.000;128.000;9104.000;402773;0;0;
2958.458;100.000;128.000;9105.000;402734;0;0;
2946.519;100.000;128.000;9106.000;402696;0;0;
2945.155;100.000;128.000;9107.000;402657;0;0;
2939.504;100.000;128.000;9108.000;402618;0;0;
2937.933;100.000;128.000;9109.000;402580;0;0;
2935.174;100.000;128.000;9110.000;402541;0;0;
2935.233;100.000;128.000;9111.000;402502;0;0;
2946.446;100.000;128.000;9112.000;402463;0;0;
2948.653;100.000;128.000;9113.000;402424;0;0;
2939.785;100.000;128.000;9114.000;402386;0;0;
2941.584;100.000;128.000;9115.000;402347;0;0;
2959.626;100.000;128.000;9116.000;402308;0;0;
2939.609;100.000;128.000;9117.000;402269;0;0;
2955.576;100.000;128.000;9118.000;402230;0;0;
2949.606;100.000;128.000;9119.000;402191;0;0;
2953.521;100.000;128.000;9120.000;402152;0;0;
3014.204;100.000;128.000;9121.000;402113;0;0;
2932.647;11.355;0.000;9122.000;402074;0;0;
1856.138;8.352;0.000;9123.000;402035;0;0;
1857.226;11.331;0.000;9124.000;401996;0;0;
1862.991;13.675;0.000;9125.000;401957;0;0;
1867.167;23.614;0.000;9126.000;401918;0;0;
1875.369;22.833;0.000;9127.000;401879;0;0;
1864.681;29.768;0.000;9128.000;401840;0;0;
1860.722;54.628;0.000;9129.000;401801;0;0;
1864.660;42.955;0.000;9130.000;401762;0;0;
1869.660;23.883;0.000;9131.000;401723;0;0;
1872.428;26.984;0.000;9132.000;401684;0;0;
1867.875;20.293;0.000;9133.000;401644;0;0;
1879.449;11.575;0.000;9134.000;401605;0;0;
1869.533;8.962;0.000;9135.000;401566;0;0;
3042.175;35.116;0.000;9136.000;401527;0;0;
2958.828;100.000;128.000;9137.000;401488;0;0;
2954.314;100.000;128.000;9138.000;401448;0;0;
2954.359;100.000;128.000;9139.000;401409;0;0;
2952.635;100.000;128.000;9140.000;401370;0;0;
2950.261;100.000;128.000;9141.000;401330;0;0;
2953.438;100.000;128.000;9142.000;401291;0;0;
2949.828;100.000;128.000;9143.000;401252;0;0;
2946.157;100.000;128.000;9144.000;401212;0;0;
2944.000;100.000;128.000;9145.000;401173;0;0;
2943.027;100.000;128.000;9146.000;401133;0;0;
2938.134;100.000;128.000;9147.000;401094;0;0;
2945.231;100.000;128.000;9148.000;401054;0;0;
2934.790;100.000;128.000;9149.000;401015;0;0;
2936.764;100.000;128.000;9150.000;400975;0;0;
2942.135;100.000;128.000;9151.000;400935;0;0;
2943.824;100.000;128.000;9152.000;400896;0;0;
2938.820;100.000;128.000;9153.000;400856;0;0;
2951.726;100.000;128.000;9154.000;400816;0;0;
2948.853;100.000;128.000;9155.000;400777;0;0;
2986.217;100.000;128.000;9156.000;400737;0;0;
3010.384;17.021;0.000;9157.000;400697;0;0;
1859.230;10.354;0.000;9158.000;400657;0;0;
1859.835;10.208;0.000;9159.000;400618;0;0;
1847.795;19.170;0.000;9160.000;400578;0;0;
1867.596;21.856;0.000;9161.000;400538;0;0;
1866.090;21.954;0.000;9162.000;400498;0;0;
1860.005;29.109;0.000;9163.000;400458;0;0;
1859.875;27.717;0.000;9164.000;400418;0;0;
1857.543;29.084;0.000;9165.000;400379;0;0;
1866.459;25.714;0.000;9166.000;400339;0;0;
1878.641;26.960;0.000;9167.000;400299;0;0;
1872.927;16.068;0.000;9168.000;400259;0;0;
1869.631;12.357;0.000;9169.000;400219;0;0;
1860.813;11.453;0.000;9170.000;400179;0;0;
3022.901;30.037;0.000;9171.000;400139;0;0;
2971.918;100.000;128.000;9172.000;400099;0;0;
2960.514;100.000;128.000;9173.000;400059;0;0;
2947.219;100.000;128.000;9174.000;400019;0;0;
2943.351;100.000;128.000;9175.000;399979;0;0;
2938.404;100.000;128.000;9176.000;399939;0;0;
2939.009;100.000;128.000;9177.000;399899;0;0;
2952.741;100.000;128.000;9178.000;399859;0;0;
2936.743;100.000;128.000;9179.000;399819;0;0;
2934.122;100.000;128.000;9180.000;399778;0;0;
2937.688;100.000;128.000;9181.000;399738;0;0;
2940.067;100.000;128.000;9182.000;399698;0;0;
2938.941;100.000;128.000;9183.000;399658;0;0;
2948.504;100.000;128.000;9184.000;399617;0;0;
2941.708;100.000;128.000;9185.000;399577;0;0;
2957.112;100.000;128.000;9186.000;399537;0;0;
2944.086;100.000;128.000;9187.000;399496;0;0;
2946.868;100.000;128.000;9188.000;399456;0;0;
2938.072;100.000;128.000;9189.000;399416;0;0;
2951.565;100.000;128.000;9190.000;399375;0;0;
3006.323;88.816;0.000;9191.000;399335;0;0;
1842.109;7.399;0.000;9192.000;399295;0;0;
1854.715;8.645;0.000;9193.000;399254;0;0;
1845.020;23.053;0.000;9194.000;399214;0;0;
1857.858;98.999;0.000;9195.000;399173;0;0;
1867.632;44.835;0.000;9196.000;399133;0;0;
1872.150;33.529;0.000;9197.000;399092;0;0;
1860.891;16.752;0.000;9198.000;399052;0;0;
1868.218;48.571;0.000;9199.000;399011;0;0;
1874.295;64.151;0.000;9200.000;398970;0;0;
1873.174;39.805;0.000;9201.000;398930;0;0;
1873.543;9.011;0.000;9202.000;398889;0;0;
1885.383;9.451;0.000;9203.000;398848;0;0;
1897.515;7.033;0.000;9204.000;398808;0;0;
3021.566;17.851;0.000;9205.000;398767;0;0;
2992.771;100.000;128.000;9206.000;398726;0;0;
2942.605;100.000;128.000;9207.000;398685;0;0;
2939.458;100.000;128.000;9208.000;398645;0;0;
2939.929;100.000;128.000;9209.000;398604;0;0;
2944.217;100.000;128.000;9210.000;398563;0;0;
2948.251;100.000;128.000;9211.000;398522;0;0;
2935.837;100.000;128.000;9212.000;398482;0;0;
2934.470;100.000;128.000;9213.000;398441;0;0;
2937.580;100.000;128.000;9214.000;398400;0;0;
2934.782;100.000;128.000;9215.000;398359;0;0;
2938.668;100.000;128.000;9216.000;398319;0;0;
2950.523;100.000;128.000;9217.000;398278;0;0;
2943.003;100.000;128.000;9218.000;398237;0;0;
2942.269;100.000;128.000;9219.000;398196;0;0;
2944.431;100.000;128.000;9220.000;398155;0;0;
2955.508;100.000;128.000;9221.000;398115;0;0;
2963.458;100.000;128.000;9222.000;398074;0;0;
2951.686;100.000;128.000;9223.000;398033;0;0;
2953.127;100.000;128.000;9224.000;397992;0;0;
3010.993;100.000;128.000;9225.000;397951;0;0;
2930.288;6.447;0.000;9226.000;397910;0;0;
1853.579;10.525;0.000;9227.000;397869;0;0;
1866.301;20.000;0.000;9228.000;397828;0;0;
1860.003;25.861;0.000;9229.000;397787;0;0;
1865.307;20.049;0.000;9230.000;397746;0;0;
1859.813;27.912;0.000;9231.000;397705;0;0;
1854.095;26.349;0.000;9232.000;397664;0;0;
1862.863;27.448;0.000;9233.000;397623;0;0;
1869.713;31.770;0.000;9234.000;397582;0;0;
1870.014;22.198;0.000;9235.000;397541;0;0;
1875.841;14.359;0.000;9236.000;397500;0;0;
1862.725;12.894;0.000;9237.000;397459;0;0;
1829.540;8.767;0.000;9238.000;397417;0;0;
3018.471;20.122;0.000;9239.000;397376;0;0;
2985.273;100.000;128.000;9240.000;397335;0;0;
2947.037;100.000;128.000;9241.000;397294;0;0;
2951.846;100.000;128.000;9242.000;397253;0;0;
2949.074;100.000;128.000;9243.000;397212;0;0;
2949.397;100.000;128.000;9244.000;397171;0;0;
2938.573;100.000;128.000;9245.000;397130;0;0;
2937.911;100.000;128.000;9246.000;397089;0;0;
2934.115;100.000;128.000;9247.000;397048;0;0;
2936.670;100.000;128.000;9248.000;397007;0;0;
2937.021;100.000;128.000;9249.000;396967;0;0;
2930.975;100.000;128.000;9250.000;396926;0;0;
2935.368;100.000;128.000;9251.000;396885;0;0;
2935.979;100.000;128.000;9252.000;396844;0;0;
2949.239;100.000;128.000;9253.000;396803;0;0;
2939.389;100.000;128.000;9254.000;396762;0;0;
2939.001;100.000;128.000;9255.000;396721;0;0;
2937.876;100.000;128.000;9256.000;396681;0;0;
2947.548;100.000;128.000;9257.000;396640;0;0;
2951.921;100.000;128.000;9258.000;396599;0;0;
2996.182;100.000;128.000;9259.000;396558;0;0;
2947.740;15.531;0.000;9260.000;396517;0;0;
1855.832;8.425;0.000;9261.000;396477;0;0;
1852.996;10.549;0.000;9262.000;396436;0;0;
1861.960;10.891;0.000;9263.000;396395;0;0;
1856.626;17.509;0.000;9264.000;396354;0;0;
1860.272;21.099;0.000;9265.000;396313;0;0;
1863.779;22.271;0.000;9266.000;396273;0;0;
1855.822;25.031;0.000;9267.000;396232;0;0;
1863.234;21.807;0.000;9268.000;396192;0;0;
1866.832;29.206;0.000;9269.000;396151;0;0;
1865.347;17.485;0.000;9270.000;396111;0;0;
1887.026;8.327;0.000;9271.000;396070;0;0;
1853.741;15.629;0.000;9272.000;396030;0;0;
2480.744;6.447;0.000;9273.000;395989;0;0;
3029.388;100.000;128.000;9274.000;395949;0;0;
2947.188;100.000;128.000;9275.000;395908;0;0;
2939.194;100.000;128.000;9276.000;395868;0;0;
2940.241;100.000;128.000;9277.000;395827;0;0;
2933.412;100.000;128.000;9278.000;395787;0;0;
2938.114;100.000;128.000;9279.000;395746;0;0;
2939.068;100.000;128.000;9280.000;395706;0;0;
2935.569;100.000;128.000;9281.000;395665;0;0;
2938.502;100.000;128.000;9282.000;395625;0;0;
2934.790;100.000;128.000;9283.000;395585;0;0;
2939.915;100.000;128.000;9284.000;395544;0;0;
2931.540;100.000;128.000;9285.000;395504;0;0;
2934.471;100.000;128.000;9286.000;395464;0;0;
2934.931;100.000;128.000;9287.000;395423;0;0;
2935.139;100.000;128.000;9288.000;395383;0;0;
2934.728;100.000;128.000;9289.000;395343;0;0;
2938.039;100.000;128.000;9290.000;395303;0;0;
2939.562;100.000;128.000;9291.000;395262;0;0;
2930.839;100.000;128.000;9292.000;395222;0;0;
2949.216;100.000;128.000;9293.000;395182;0;0;
3015.107;100.000;128.000;9294.000;395142;0;0;
2432.234;4.713;0.000;9295.000;395102;0;0;
1840.132;7.790;0.000;9296.000;395062;0;0;
1859.200;13.748;0.000;9297.000;395022;0;0;
1855.507;15.385;0.000;9298.000;394982;0;0;
1865.130;25.763;0.000;9299.000;394942;0;0;
1860.428;37.021;0.000;9300.000;394903;0;0;
1863.568;29.426;0.000;9301.000;394863;0;0;
1863.945;24.249;0.000;9302.000;394823;0;0;
1864.711;24.664;0.000;9303.000;394783;0;0;
1874.098;26.886;0.000;9304.000;394743;0;0;
1871.673;28.962;0.000;9305.000;394704;0;0;
1858.693;16.166;0.000;9306.000;394664;0;0;
1886.167;11.575;0.000;9307.000;394624;0;0;
2752.972;7.888;0.000;9308.000;394584;0;0;
3002.160;100.000;128.000;9309.000;394545;0;0;
2949.204;100.000;128.000;9310.000;394505;0;0;
2928.668;100.000;128.000;9311.000;394465;0;0;
2935.518;100.000;128.000;9312.000;394426;0;0;
2937.359;100.000;128.000;9313.000;394386;0;0;
2933.616;100.000;128.000;9314.000;394347;0;0;
2936.385;100.000;128.000;9315.000;394308;0;0;
2935.895;100.000;128.000;9316.000;394268;0;0;
2934.896;100.000;128.000;9317.000;394229;0;0;
2933.339;100.000;128.000;9318.000;394189;0;0;
2934.685;100.000;128.000;9319.000;394150;0;0;
2937.852;100.000;128.000;9320.000;394111;0;0;
2937.245;100.000;128.000;9321.000;394072;0;0;
2933.705;100.000;128.000;9322.000;394032;0;0;
2931.696;100.000;128.000;9323.000;393993;0;0;
2940.928;100.000;128.000;9324.000;393954;0;0;
2944.337;100.000;128.000;9325.000;393915;0;0;
2931.760;100.000;128.000;9326.000;393876;0;0;
2935.730;100.000;128.000;9327.000;393837;0;0;
2977.962;100.000;128.000;9328.000;393798;0;0;
2758.310;15.433;0.000;9329.000;393759;0;0;
1873.058;13.284;0.000;9330.000;393720;0;0;
1849.579;29.548;0.000;9331.000;393681;0;0;
1866.433;39.683;0.000;9332.000;393642;0;0;
1863.106;47.619;0.000;9333.000;393603;0;0;
1872.263;25.177;0.000;9334.000;393564;0;0;
1872.599;46.398;0.000;9335.000;393525;0;0;
1866.168;66.935;0.000;9336.000;393486;0;0;
1870.041;87.668;0.000;9337.000;393448;0;0;
1870.230;41.490;0.000;9338.000;393409;0;0;
1877.744;17.973;0.000;9339.000;393370;0;0;
1870.444;41.099;0.000;9340.000;393332;0;0;
1880.292;20.147;0.000;9341.000;393293;0;0;
1858.792;15.800;0.000;9342.000;393255;0;0;
3008.916;15.458;0.000;9343.000;393216;0;0;
2996.758;100.000;128.000;9344.000;393178;0;0;
2934.951;100.000;128.000;9345.000;393139;0;0;
2946.191;100.000;128.000;9346.000;393101;0;0;
2937.574;100.000;128.000;9347.000;393063;0;0;
2937.687;100.000;128.000;9348.000;393024;0;0;
2937.784;100.000;128.000;9349.000;392986;0;0;
2937.950;100.000;128.000;9350.000;392947;0;0;
2939.486;100.000;128.000;9351.000;392909;0;0;
2949.776;100.000;128.000;9352.000;392871;0;0;
2951.904;100.000;128.000;9353.000;392832;0;0;
2930.121;100.000;128.000;9354.000;392794;0;0;
2927.141;100.000;128.000;9355.000;392756;0;0;
2939.557;100.000;128.000;9356.000;392718;0;0;
2930.987;100.000;128.000;9357.000;392680;0;0;
2933.453;100.000;128.000;9358.000;392642;0;0;
2938.055;100.000;128.000;9359.000;392604;0;0;
2938.400;100.000;128.000;9360.000;392565;0;0;
2946.799;100.000;128.000;9361.000;392528;0;0;
2948.491;100.000;128.000;9362.000;392490;0;0;
2950.827;100.000;128.000;9363.000;392452;0;0;
2988.241;100.000;128.000;9364.000;392414;0;0;
2954.666;15.995;0.000;9365.000;392376;0;0;
1837.849;11.868;0.000;9366.000;392338;0;0;
1865.004;10.891;0.000;9367.000;392300;0;0;
1856.835;17.607;0.000;9368.000;392263;0;0;
1864.214;24.615;0.000;9369.000;392225;0;0;
1864.577;26.520;0.000;9370.000;392187;0;0;
1868.113;27.595;0.000;9371.000;392150;0;0;
1868.043;32.869;0.000;9372.000;392112;0;0;
1866.755;25.592;0.000;9373.000;392075;0;0;
1864.747;83.297;0.000;9374.000;392037;0;0;
1869.064;53.211;0.000;9375.000;392000;0;0;
1885.635;34.212;0.000;9376.000;391962;0;0;
1860.032;22.198;0.000;9377.000;391925;0;0;
1854.319;21.026;0.000;9378.000;391888;0;0;
1833.586;10.232;0.000;9379.000;391850;0;0;
3034.355;45.739;0.000;9380.000;391813;0;0;
2972.686;100.000;128.000;9381.000;391776;0;0;
2944.871;100.000;128.000;9382.000;391739;0;0;
2952.616;100.000;128.000;9383.000;391702;0;0;
2948.805;100.000;128.000;9384.000;391665;0;0;
2954.252;100.000;128.000;9385.000;391628;0;0;
2946.028;100.000;128.000;9386.000;391591;0;0;
2930.983;100.000;128.000;9387.000;391554;0;0;
2947.628;100.000;128.000;9388.000;391517;0;0;
2948.921;100.000;128.000;9389.000;391480;0;0;
2949.157;100.000;128.000;9390.000;391443;0;0;
2942.771;100.000;128.000;9391.000;391406;0;0;
2970.463;100.000;128.000;9392.000;391369;0;0;
2948.179;100.000;128.000;9393.000;391332;0;0;
2947.973;100.000;128.000;9394.000;391296;0;0;
2959.574;100.000;128.000;9395.000;391259;0;0;
2962.418;100.000;128.000;9396.000;391222;0;0;
2972.983;100.000;128.000;9397.000;391186;0;0;
2958.604;100.000;128.000;9398.000;391149;0;0;
2974.424;100.000;128.000;9399.000;391113;0;0;
2971.879;100.000;128.000;9400.000;391076;0;0;
2975.895;100.000;128.000;9401.000;391040;0;0;
2877.587;12.161;0.000;9402.000;391003;0;0;
2915.551;1.832;0.000;9403.000;390967;0;0;
1865.758;3.516;0.000;9404.000;390930;0;0;
1866.414;4.200;0.000;9405.000;390894;0;0;
1875.298;5.861;0.000;9406.000;390858;0;0;
1877.274;8.767;0.000;9407.000;390821;0;0;
1877.860;9.939;0.000;9408.000;390785;0;0;
1863.943;12.967;0.000;9409.000;390749;0;0;
1862.783;10.867;0.000;9410.000;390712;0;0;
1869.645;9.988;0.000;9411.000;390676;0;0;
1862.488;9.158;0.000;9412.000;390640;0;0;
1863.706;7.424;0.000;9413.000;390604;0;0;
1860.318;9.768;0.000;9414.000;390568;0;0;
1859.848;5.763;0.000;9415.000;390531;0;0;
1873.061;6.349;0.000;9416.000;390495;0;0;
2719.037;11.697;0.000;9417.000;390459;0;0;
3060.067;100.000;128.000;9418.000;390423;0;0;
3007.190;100.000;128.000;9419.000;390387;0;0;
2992.641;100.000;128.000;9420.000;390351;0;0;
2993.147;100.000;128.000;9421.000;390316;0;0;
2999.870;100.000;128.000;9422.000;390280;0;0;
2993.686;100.000;128.000;9423.000;390244;0;0;
2990.261;100.000;128.000;9424.000;390208;0;0;
2993.140;100.000;128.000;9425.000;390172;0;0;
2999.104;100.000;128.000;9426.000;390137;0;0;
3008.900;100.000;128.000;9427.000;390101;0;0;
3009.050;100.000;128.000;9428.000;390066;0;0;
2998.360;100.000;128.000;9429.000;390030;0;0;
3023.333;100.000;128.000;9430.000;389994;0;0;
3003.376;100.000;128.000;9431.000;389959;0;0;
3024.149;100.000;128.000;9432.000;389924;0;0;
3009.872;95.116;0.000;9433.000;389888;0;0;
3001.274;91.233;0.000;9434.000;389853;0;0;
2989.296;60.830;0.000;9435.000;389817;0;0;
2987.438;34.066;0.000;9436.000;389782;0;0;
2980.384;23.394;0.000;9437.000;389747;0;0;
3000.136;20.000;0.000;9438.000;389712;0;0;
2949.651;13.797;0.000;9439.000;389677;0;0;
2807.849;4.005;0.000;9440.000;389642;0;0;
0.000;0.000;0.000;9441.000;389607;0;0;
0.000;0.000;0.000;9442.000;389572;0;0;
0.000;0.000;0.000;9443.000;389537;0;0;
0.000;0.000;0.000;9444.000;389502;0;0;
0.000;0.000;0.000;9445.000;389468;0;0;
0.000;0.000;0.000;9446.000;389433;0;0;
0.000;0.000;0.000;9447.000;389398;0;0;
0.000;0.000;0.000;9448.000;389364;0;0;
0.000;0.000;0.000;9449.000;389329;0;0;
0.000;0.000;0.000;9450.000;389295;0;0;
0.000;0.000;0.000;9451.000;389260;0;0;
0.000;0.000;0.000;9452.000;389226;0;0;
0.000;0.000;0.000;9453.000;389191;0;0;
0.000;0.000;0.000;9454.000;389157;0;0;
0.000;0.000;0.000;9455.000;389122;0;0;
0.000;0.000;0.000;9456.000;389088;0;0;
0.000;0.000;0.000;9457.000;389054;0;0;
0.000;0.000;0.000;9458.000;389020;0;0;
0.000;0.000;0.000;9459.000;388986;0;0;
0.000;0.000;0.000;9460.000;388952;0;0;
0.000;0.000;0.000;9461.000;388918;0;0;
0.000;0.000;0.000;9462.000;388884;0;0;
0.000;0.000;0.000;9463.000;388850;0;0;
0.000;0.000;0.000;9464.000;388816;0;0;
0.000;0.000;0.000;9465.000;388782;0;0;
0.000;0.000;0.000;9466.000;388749;0;0;
0.000;0.000;0.000;9467.000;388715;0;0;
0.000;0.000;0.000;9468.000;388682;0;0;
0.000;0.000;0.000;9469.000;388648;0;0;
0.000;0.000;0.000;9470.000;388614;0;0;
0.000;0.000;0.000;9471.000;388581;0;0;
0.000;0.000;0.000;9472.000;388548;0;0;
0.000;0.000;0.000;9473.000;388514;0;0;
0.000;0.000;0.000;9474.000;388481;0;0;
0.000;0.000;0.000;9475.000;388448;0;0;
0.000;0.000;0.000;9476.000;388414;0;0;
0.000;0.000;0.000;9477.000;388382;0;0;
0.000;0.000;0.000;9478.000;388348;0;0;
0.000;0.000;0.000;9479.000;388315;0;0;
0.000;0.000;0.000;9480.000;388283;0;0;
0.000;0.000;0.000;9481.000;388250;0;0;
0.000;0.000;0.000;9482.000;388217;0;0;
0.000;0.000;0.000;9483.000;388184;0;0;
0.000;0.000;0.000;9484.000;388151;0;0;
0.000;0.000;0.000;9485.000;388119;0;0;
0.000;0.000;0.000;9486.000;388086;0;0;
0.000;0.000;0.000;9487.000;388054;0;0;
0.000;0.000;0.000;9488.000;388021;0;0;
0.000;0.000;0.000;9489.000;387989;0;0;
0.000;0.000;0.000;9490.000;387957;0;0;
0.000;0.000;0.000;9491.000;387925;0;0;
0.000;0.000;0.000;9492.000;387892;0;0;
0.000;0.000;0.000;9493.000;387860;0;0;
0.000;0.000;0.000;9494.000;387828;0;0;
0.000;0.000;0.000;9495.000;387796;0;0;
0.000;0.000;0.000;9496.000;387765;0;0;
0.000;0.000;0.000;9497.000;387733;0;0;
0.000;0.000;0.000;9498.000;387701;0;0;
0.000;0.000;0.000;9499.000;387669;0;0;
0.000;0.000;0.000;9500.000;387637;0;0;
0.000;0.000;0.000;9501.000;387606;0;0;
0.000;0.000;0.000;9502.000;387574;0;0;
0.000;0.000;0.000;9503.000;387543;0;0;
0.000;0.000;0.000;9504.000;387512;0;0;
0.000;0.000;0.000;9505.000;387480;0;0;
0.000;0.000;0.000;9506.000;387449;0;0;
0.000;0.000;0.000;9507.000;387418;0;0;
0.000;0.000;0.000;9508.000;387387;0;0;
0.000;0.000;0.000;9509.000;387356;0;0;
0.000;0.000;0.000;9510.000;387325;0;0;
0.000;0.000;0.000;9511.000;387294;0;0;
0.000;0.000;0.000;9512.000;387264;0;0;
0.000;0.000;0.000;9513.000;387233;0;0;
0.000;0.000;0.000;9514.000;387203;0;0;
0.000;0.000;0.000;9515.000;387172;0;0;
0.000;0.000;0.000;9516.000;387142;0;0;
0.000;0.000;0.000;9517.000;387111;0;0;
0.000;0.000;0.000;9518.000;387081;0;0;
0.000;0.000;0.000;9519.000;387051;0;0;
0.000;0.000;0.000;9520.000;387020;0;0;
0.000;0.000;0.000;9521.000;386990;0;0;
0.000;0.000;0.000;9522.000;386960;0;0;
0.000;0.000;0.000;9523.000;386930;0;0;
0.000;0.000;0.000;9524.000;386900;0;0;
0.000;0.000;0.000;9525.000;386871;0;0;
0.000;0.000;0.000;9526.000;386841;0;0;
0.000;0.000;0.000;9527.000;386811;0;0;
0.000;0.000;0.000;9528.000;386782;0;0;
0.000;0.000;0.000;9529.000;386752;0;0;
0.000;0.000;0.000;9530.000;386723;0;0;
0.000;0.000;0.000;9531.000;386693;0;0;
0.000;0.000;0.000;9532.000;386664;0;0;
0.000;0.000;0.000;9533.000;386635;0;0;
0.000;0.000;0.000;9534.000;386606;0;0;
0.000;0.000;0.000;9535.000;386577;0;0;
0.000;0.000;0.000;9536.000;386548;0;0;
0.000;0.000;0.000;9537.000;386520;0;0;
0.000;0.000;0.000;9538.000;386491;0;0;
0.000;0.000;0.000;9539.000;386462;0;0;
0.000;0.000;0.000;9540.000;386434;0;0;
0.000;0.000;0.000;9541.000;386406;0;0;
0.000;0.000;0.000;9542.000;386377;0;0;
0.000;0.000;0.000;9543.000;386349;0;0;
0.000;0.000;0.000;9544.000;386321;0;0;
0.000;0.000;0.000;9545.000;386293;0;0;
0.000;0.000;0.000;9546.000;386266;0;0;
0.000;0.000;0.000;9547.000;386238;0;0;
0.000;0.000;0.000;9548.000;386210;0;0;
0.000;0.000;0.000;9549.000;386183;0;0;
0.000;0.000;0.000;9550.000;386155;0;0;
0.000;0.000;0.000;9551.000;386128;0;0;
0.000;0.000;0.000;9552.000;386101;0;0;
0.000;0.000;0.000;9553.000;386074;0;0;
0.000;0.000;0.000;9554.000;386047;0;0;
0.000;0.000;0.000;9555.000;386020;0;0;
0.000;0.000;0.000;9556.000;385993;0;0;
0.000;0.000;0.000;9557.000;385966;0;0;
0.000;0.000;0.000;9558.000;385940;0;0;
0.000;0.000;0.000;9559.000;385913;0;0;
0.000;0.000;0.000;9560.000;385887;0;0;
0.000;0.000;0.000;9561.000;385861;0;0;
0.000;0.000;0.000;9562.000;385835;0;0;
0.000;0.000;0.000;9563.000;385809;0;0;
0.000;0.000;0.000;9564.000;385783;0;0;
0.000;0.000;0.000;9565.000;385757;0;0;
0.000;0.000;0.000;9566.000;385732;0;0;
0.000;0.000;0.000;9567.000;385706;0;0;
0.000;0.000;0.000;9568.000;385681;0;0;
0.000;0.000;0.000;9569.000;385656;0;0;
0.000;0.000;0.000;9570.000;385631;0;0;
0.000;0.000;0.000;9571.000;385606;0;0;
0.000;0.000;0.000;9572.000;385581;0;0;
0.000;0.000;0.000;9573.000;385556;0;0;
0.000;0.000;0.000;9574.000;385532;0;0;
0.000;0.000;0.000;9575.000;385507;0;0;
0.000;0.000;0.000;9576.000;385483;0;0;
0.000;0.000;0.000;9577.000;385459;0;0;
0.000;0.000;0.000;9578.000;385435;0;0;
0.000;0.000;0.000;9579.000;385411;0;0;
0.000;0.000;0.000;9580.000;385387;0;0;
0.000;0.000;0.000;9581.000;385363;0;0;
0.000;0.000;0.000;9582.000;385339;0;0;
0.000;0.000;0.000;9583.000;385316;0;0;
0.000;0.000;0.000;9584.000;385293;0;0;
0.000;0.000;0.000;9585.000;385269;0;0;
0.000;0.000;0.000;9586.000;385246;0;0;
0.000;0.000;0.000;9587.000;385223;0;0;
0.000;0.000;0.000;9588.000;385201;0;0;
0.000;0.000;0.000;9589.000;385178;0;0;
0.000;0.000;0.000;9590.000;385155;0;0;
0.000;0.000;0.000;9591.000;385133;0;0;
0.000;0.000;0.000;9592.000;385110;0;0;
0.000;0.000;0.000;9593.000;385088;0;0;
0.000;0.000;0.000;9594.000;385066;0;0;
0.000;0.000;0.000;9595.000;385044;0;0;
0.000;0.000;0.000;9596.000;385022;0;0;
0.000;0.000;0.000;9597.000;385001;0;0;
0.000;0.000;0.000;9598.000;384979;0;0;
0.000;0.000;0.000;9599.000;384958;0;0;
0.000;0.000;0.000;9600.000;384936;0;0;
0.000;0.000;0.000;9601.000;384915;0;0;
0.000;0.000;0.000;9602.000;384894;0;0;
0.000;0.000;0.000;9603.000;384873;0;0;
0.000;0.000;0.000;9604.000;384853;0;0;
0.000;0.000;0.000;9605.000;384832;0;0;
0.000;0.000;0.000;9606.000;384812;0;0;
0.000;0.000;0.000;9607.000;384792;0;0;
0.000;0.000;0.000;9608.000;384771;0;0;
0.000;0.000;0.000;9609.000;384751;0;0;
0.000;0.000;0.000;9610.000;384732;0;0;
0.000;0.000;0.000;9611.000;384712;0;0;
0.000;0.000;0.000;9612.000;384692;0;0;
0.000;0.000;0.000;9613.000;384673;0;0;
0.000;0.000;0.000;9614.000;384653;0;0;
0.000;0.000;0.000;9615.000;384634;0;0;
0.000;0.000;0.000;9616.000;384615;0;0;
0.000;0.000;0.000;9617.000;384596;0;0;
0.000;0.000;0.000;9618.000;384578;0;0;
0.000;0.000;0.000;9619.000;384559;0;0;
0.000;0.000;0.000;9620.000;384541;0;0;
0.000;0.000;0.000;9621.000;384522;0;0;
0.000;0.000;0.000;9622.000;384504;0;0;
0.000;0.000;0.000;9623.000;384486;0;0;
0.000;0.000;0.000;9624.000;384469;0;0;
0.000;0.000;0.000;9625.000;384451;0;0;
0.000;0.000;0.000;9626.000;384433;0;0;
0.000;0.000;0.000;9627.000;384416;0;0;
0.000;0.000;0.000;9628.000;384399;0;0;
0.000;0.000;0.000;9629.000;384381;0;0;
0.000;0.000;0.000;9630.000;384365;0;0;
0.000;0.000;0.000;9631.000;384348;0;0;
0.000;0.000;0.000;9632.000;384331;0;0;
0.000;0.000;0.000;9633.000;384314;0;0;
0.000;0.000;0.000;9634.000;384298;0;0;
0.000;0.000;0.000;9635.000;384282;0;0;
0.000;0.000;0.000;9636.000;384266;0;0;
0.000;0.000;0.000;9637.000;384250;0;0;
0.000;0.000;0.000;9638.000;384234;0;0;
0.000;0.000;0.000;9639.000;384219;0;0;
0.000;0.000;0.000;9640.000;384203;0;0;
0.000;0.000;0.000;9641.000;384188;0;0;
0.000;0.000;0.000;9642.000;384173;0;0;
0.000;0.000;0.000;9643.000;384157;0;0;
0.000;0.000;0.000;9644.000;384143;0;0;
0.000;0.000;0.000;9645.000;384128;0;0;
0.000;0.000;0.000;9646.000;384113;0;0;
0.000;0.000;0.000;9647.000;384099;0;0;
0.000;0.000;0.000;9648.000;384085;0;0;
0.000;0.000;0.000;9649.000;384071;0;0;
0.000;0.000;0.000;9650.000;384057;0;0;
0.000;0.000;0.000;9651.000;384043;0;0;
0.000;0.000;0.000;9652.000;384029;0;0;
0.000;0.000;0.000;9653.000;384016;0;0;
0.000;0.000;0.000;9654.000;384002;0;0;
0.000;0.000;0.000;9655.000;383989;0;0;
0.000;0.000;0.000;9656.000;383976;0;0;
0.000;0.000;0.000;9657.000;383963;0;0;
0.000;0.000;0.000;9658.000;383951;0;0;
0.000;0.000;0.000;9659.000;383938;0;0;
0.000;0.000;0.000;9660.000;383926;0;0;
0.000;0.000;0.000;9661.000;383913;0;0;
0.000;0.000;0.000;9662.000;383901;0;0;
0.000;0.000;0.000;9663.000;383889;0;0;
0.000;0.000;0.000;9664.000;383878;0;0;
0.000;0.000;0.000;9665.000;383866;0;0;
0.000;0.000;0.000;9666.000;383854;0;0;
0.000;0.000;0.000;9667.000;383843;0;0;
0.000;0.000;0.000;9668.000;383832;0;0;
0.000;0.000;0.000;9669.000;383821;0;0;
0.000;0.000;0.000;9670.000;383810;0;0;
0.000;0.000;0.000;9671.000;383799;0;0;
0.000;0.000;0.000;9672.000;383789;0;0;
0.000;0.000;0.000;9673.000;383779;0;0;
0.000;0.000;0.000;9674.000;383768;0;0;
0.000;0.000;0.000;9675.000;383758;0;0;
0.000;0.000;0.000;9676.000;383748;0;0;
0.000;0.000;0.000;9677.000;383739;0;0;
0.000;0.000;0.000;9678.000;383729;0;0;
0.000;0.000;0.000;9679.000;383720;0;0;
0.000;0.000;0.000;9680.000;383710;0;0;
0.000;0.000;0.000;9681.000;383701;0;0;
0.000;0.000;0.000;9682.000;383692;0;0;
0.000;0.000;0.000;9683.000;383684;0;0;
0.000;0.000;0.000;9684.000;383675;0;0;
0.000;0.000;0.000;9685.000;383667;0;0;
0.000;0.000;0.000;9686.000;383658;0;0;
0.000;0.000;0.000;9687.000;383650;0;0;
0.000;0.000;0.000;9688.000;383642;0;0;
0.000;0.000;0.000;9689.000;383634;0;0;
0.000;0.000;0.000;9690.000;383626;0;0;
0.000;0.000;0.000;9691.000;383619;0;0;
0.000;0.000;0.000;9692.000;383611;0;0;
0.000;0.000;0.000;9693.000;383604;0;0;
0.000;0.000;0.000;9694.000;383597;0;0;
0.000;0.000;0.000;9695.000;383590;0;0;
0.000;0.000;0.000;9696.000;383583;0;0;
0.000;0.000;0.000;9697.000;383577;0;0;
0.000;0.000;0.000;9698.000;383570;0;0;
0.000;0.000;0.000;9699.000;383564;0;0;
0.000;0.000;0.000;9700.000;383558;0;0;
0.000;0.000;0.000;9701.000;383552;0;0;
0.000;0.000;0.000;9702.000;383546;0;0;
0.000;0.000;0.000;9703.000;383540;0;0;
0.000;0.000;0.000;9704.000;383535;0;0;
0.000;0.000;0.000;9705.000;383529;0;0;
0.000;0.000;0.000;9706.000;383524;0;0;
0.000;0.000;0.000;9707.000;383519;0;0;
0.000;0.000;0.000;9708.000;383514;0;0;
0.000;0.000;0.000;9709.000;383509;0;0;
0.000;0.000;0.000;9710.000;383505;0;0;
0.000;0.000;0.000;9711.000;383500;0;0;
0.000;0.000;0.000;9712.000;383496;0;0;
0.000;0.000;0.000;9713.000;383492;0;0;
0.000;0.000;0.000;9714.000;383488;0;0;
0.000;0.000;0.000;9715.000;383484;0;0;
0.000;0.000;0.000;9716.000;383480;0;0;
0.000;0.000;0.000;9717.000;383476;0;0;
0.000;0.000;0.000;9718.000;383473;0;0;
0.000;0.000;0.000;9719.000;383470;0;0;
0.000;0.000;0.000;9720.000;383467;0;0;
0.000;0.000;0.000;9721.000;383464;0;0;
0.000;0.000;0.000;9722.000;383461;0;0;
0.000;0.000;0.000;9723.000;383458;0;0;
0.000;0.000;0.000;9724.000;383456;0;0;
0.000;0.000;0.000;9725.000;383453;0;0;
0.000;0.000;0.000;9726.000;383451;0;0;
0.000;0.000;0.000;9727.000;383449;0;0;
0.000;0.000;0.000;9728.000;383447;0;0;
0.000;0.000;0.000;9729.000;383445;0;0;
0.000;0.000;0.000;9730.000;383444;0;0;
0.000;0.000;0.000;9731.000;383442;0;0;
0.000;0.000;0.000;9732.000;383441;0;0;
0.000;0.000;0.000;9733.000;383440;0;0;
0.000;0.000;0.000;9734.000;383439;0;0;
0.000;0.000;0.000;9735.000;383438;0;0;
0.000;0.000;0.000;9736.000;383437;0;0;
0.000;0.000;0.000;9737.000;383436;0;0;
0.000;0.000;0.000;9738.000;383436;0;0;
0.000;0.000;0.000;9739.000;383435;0;0;
0.000;0.000;0.000;9740.000;383435;0;0;
0.000;0.000;0.000;9741.000;383435;0;0;
0.000;0.000;0.000;9742.000;383435;0;0;
0.000;0.000;0.000;9743.000;383435;0;0;
0.000;0.000;0.000;9744.000;383435;0;0;
0.000;0.000;0.000;9745.000;383436;0;0;
0.000;0.000;0.000;9746.000;383436;0;0;
0.000;0.000;0.000;9747.000;383437;0;0;
0.000;0.000;0.000;9748.000;383438;0;0;
0.000;0.000;0.000;9749.000;383439;0;0;
0.000;0.000;0.000;9750.000;383440;0;0;
0.000;0.000;0.000;9751.000;383441;0;0;
0.000;0.000;0.000;9752.000;383443;0;0;
0.000;0.000;0.000;9753.000;383444;0;0;
0.000;0.000;0.000;9754.000;383446;0;0;
0.000;0.000;0.000;9755.000;383448;0;0;
0.000;0.000;0.000;9756.000;383449;0;0;
0.000;0.000;0.000;9757.000;383451;0;0;
0.000;0.000;0.000;9758.000;383454;0;0;
0.000;0.000;0.000;9759.000;383456;0;0;
0.000;0.000;0.000;9760.000;383458;0;0;
0.000;0.000;0.000;9761.000;383461;0;0;
0.000;0.000;0.000;9762.000;383464;0;0;
0.000;0.000;0.000;9763.000;383466;0;0;
0.000;0.000;0.000;9764.000;383469;0;0;
0.000;0.000;0.000;9765.000;383472;0;0;
0.000;0.000;0.000;9766.000;383475;0;0;
0.000;0.000;0.000;9767.000;383479;0;0;
0.000;0.000;0.000;9768.000;383482;0;0;
0.000;0.000;0.000;9769.000;383486;0;0;
0.000;0.000;0.000;9770.000;383489;0;0;
0.000;0.000;0.000;9771.000;383493;0;0;
0.000;0.000;0.000;9772.000;383497;0;0;
0.000;0.000;0.000;9773.000;383501;0;0;
0.000;0.000;0.000;9774.000;383506;0;0;
0.000;0.000;0.000;9775.000;383510;0;0;
0.000;0.000;0.000;9776.000;383514;0;0;
0.000;0.000;0.000;9777.000;383519;0;0;
0.000;0.000;0.000;9778.000;383524;0;0;
0.000;0.000;0.000;9779.000;383528;0;0;
0.000;0.000;0.000;9780.000;383533;0;0;
0.000;0.000;0.000;9781.000;383538;0;0;
0.000;0.000;0.000;9782.000;383544;0;0;
0.000;0.000;0.000;9783.000;383549;0;0;
0.000;0.000;0.000;9784.000;383554;0;0;
0.000;0.000;0.000;9785.000;383560;0;0;
0.000;0.000;0.000;9786.000;383566;0;0;
0.000;0.000;0.000;9787.000;383572;0;0;
0.000;0.000;0.000;9788.000;383577;0;0;
0.000;0.000;0.000;9789.000;383584;0;0;
0.000;0.000;0.000;9790.000;383590;0;0;
0.000;0.000;0.000;9791.000;383596;0;0;
0.000;0.000;0.000;9792.000;383603;0;0;
0.000;0.000;0.000;9793.000;383609;0;0;
0.000;0.000;0.000;9794.000;383616;0;0;
0.000;0.000;0.000;9795.000;383623;0;0;
0.000;0.000;0.000;9796.000;383630;0;0;
0.000;0.000;0.000;9797.000;383637;0;0;
0.000;0.000;0.000;9798.000;383644;0;0;
0.000;0.000;0.000;9799.000;383651;0;0;
0.000;0.000;0.000;9800.000;383659;0;0;
0.000;0.000;0.000;9801.000;383666;0;0;
0.000;0.000;0.000;9802.000;383674;0;0;
0.000;0.000;0.000;9803.000;383682;0;0;
0.000;0.000;0.000;9804.000;383690;0;0;
0.000;0.000;0.000;9805.000;383698;0;0;
0.000;0.000;0.000;9806.000;383706;0;0;
0.000;0.000;0.000;9807.000;383714;0;0;
0.000;0.000;0.000;9808.000;383723;0;0;
0.000;0.000;0.000;9809.000;383732;0;0;
0.000;0.000;0.000;9810.000;383740;0;0;
0.000;0.000;0.000;9811.000;383749;0;0;
0.000;0.000;0.000;9812.000;383758;0;0;
0.000;0.000;0.000;9813.000;383767;0;0;
0.000;0.000;0.000;9814.000;383776;0;0;
0.000;0.000;0.000;9815.000;383786;0;0;
0.000;0.000;0.000;9816.000;383795;0;0;
0.000;0.000;0.000;9817.000;383805;0;0;
0.000;0.000;0.000;9818.000;383814;0;0;
0.000;0.000;0.000;9819.000;383824;0;0;
0.000;0.000;0.000;9820.000;383834;0;0;
0.000;0.000;0.000;9821.000;383844;0;0;
0.000;0.000;0.000;9822.000;383854;0;0;
0.000;0.000;0.000;9823.000;383864;0;0;
0.000;0.000;0.000;9824.000;383875;0;0;
0.000;0.000;0.000;9825.000;383885;0;0;
0.000;0.000;0.000;9826.000;383896;0;0;
0.000;0.000;0.000;9827.000;383907;0;0;
0.000;0.000;0.000;9828.000;383917;0;0;
0.000;0.000;0.000;9829.000;383929;0;0;
0.000;0.000;0.000;9830.000;383940;0;0;
0.000;0.000;0.000;9831.000;383951;0;0;
0.000;0.000;0.000;9832.000;383962;0;0;
0.000;0.000;0.000;9833.000;383973;0;0;
0.000;0.000;0.000;9834.000;383985;0;0;
0.000;0.000;0.000;9835.000;383997;0;0;
0.000;0.000;0.000;9836.000;384008;0;0;
0.000;0.000;0.000;9837.000;384020;0;0;
0.000;0.000;0.000;9838.000;384032;0;0;
0.000;0.000;0.000;9839.000;384044;0;0;
0.000;0.000;0.000;9840.000;384057;0;0;
0.000;0.000;0.000;9841.000;384069;0;0;
0.000;0.000;0.000;9842.000;384081;0;0;
0.000;0.000;0.000;9843.000;384094;0;0;
0.000;0.000;0.000;9844.000;384106;0;0;
0.000;0.000;0.000;9845.000;384119;0;0;
0.000;0.000;0.000;9846.000;384132;0;0;
0.000;0.000;0.000;9847.000;384145;0;0;
0.000;0.000;0.000;9848.000;384158;0;0;
0.000;0.000;0.000;9849.000;384171;0;0;
0.000;0.000;0.000;9850.000;384185;0;0;
0.000;0.000;0.000;9851.000;384198;0;0;
0.000;0.000;0.000;9852.000;384211;0;0;
0.000;0.000;0.000;9853.000;384225;0;0;
0.000;0.000;0.000;9854.000;384238;0;0;
0.000;0.000;0.000;9855.000;384252;0;0;
0.000;0.000;0.000;9856.000;384266;0;0;
0.000;0.000;0.000;9857.000;384280;0;0;
0.000;0.000;0.000;9858.000;384294;0;0;
0.000;0.000;0.000;9859.000;384308;0;0;
0.000;0.000;0.000;9860.000;384322;0;0;
0.000;0.000;0.000;9861.000;384337;0;0;
0.000;0.000;0.000;9862.000;384351;0;0;
0.000;0.000;0.000;9863.000;384365;0;0;
0.000;0.000;0.000;9864.000;384380;0;0;
0.000;0.000;0.000;9865.000;384395;0;0;
0.000;0.000;0.000;9866.000;384409;0;0;
0.000;0.000;0.000;9867.000;384424;0;0;
0.000;0.000;0.000;9868.000;384439;0;0;
0.000;0.000;0.000;9869.000;384454;0;0;
0.000;0.000;0.000;9870.000;384469;0;0;
0.000;0.000;0.000;9871.000;384484;0;0;
0.000;0.000;0.000;9872.000;384500;0;0;
0.000;0.000;0.000;9873.000;384515;0;0;
0.000;0.000;0.000;9874.000;384530;0;0;
0.000;0.000;0.000;9875.000;384546;0;0;
0.000;0.000;0.000;9876.000;384561;0;0;
0.000;0.000;0.000;9877.000;384577;0;0;
0.000;0.000;0.000;9878.000;384593;0;0;
0.000;0.000;0.000;9879.000;384609;0;0;
0.000;0.000;0.000;9880.000;384624;0;0;
0.000;0.000;0.000;9881.000;384640;0;0;
0.000;0.000;0.000;9882.000;384656;0;0;
0.000;0.000;0.000;9883.000;384672;0;0;
0.000;0.000;0.000;9884.000;384689;0;0;
0.000;0.000;0.000;9885.000;384705;0;0;
0.000;0.000;0.000;9886.000;384721;0;0;
0.000;0.000;0.000;9887.000;384737;0;0;
0.000;0.000;0.000;9888.000;384754;0;0;
0.000;0.000;0.000;9889.000;384770;0;0;
0.000;0.000;0.000;9890.000;384787;0;0;
0.000;0.000;0.000;9891.000;384804;0;0;
0.000;0.000;0.000;9892.000;384820;0;0;
0.000;0.000;0.000;9893.000;384837;0;0;
0.000;0.000;0.000;9894.000;384854;0;0;
0.000;0.000;0.000;9895.000;384871;0;0;
0.000;0.000;0.000;9896.000;384888;0;0;
0.000;0.000;0.000;9897.000;384905;0;0;
0.000;0.000;0.000;9898.000;384922;0;0;
0.000;0.000;0.000;9899.000;384939;0;0;
0.000;0.000;0.000;9900.000;384956;0;0;
0.000;0.000;0.000;9901.000;384973;0;0;
0.000;0.000;0.000;9902.000;384991;0;0;
0.000;0.000;0.000;9903.000;385008;0;0;
0.000;0.000;0.000;9904.000;385025;0;0;
0.000;0.000;0.000;9905.000;385043;0;0;
0.000;0.000;0.000;9906.000;385060;0;0;
0.000;0.000;0.000;9907.000;385078;0;0;
0.000;0.000;0.000;9908.000;385095;0;0;
0.000;0.000;0.000;9909.000;385113;0;0;
0.000;0.000;0.000;9910.000;385131;0;0;
0.000;0.000;0.000;9911.000;385149;0;0;
0.000;0.000;0.000;9912.000;385167;0;0;
0.000;0.000;0.000;9913.000;385185;0;0;
0.000;0.000;0.000;9914.000;385203;0;0;
0.000;0.000;0.000;9915.000;385220;0;0;
0.000;0.000;0.000;9916.000;385239;0;0;
0.000;0.000;0.000;9917.000;385257;0;0;
0.000;0.000;0.000;9918.000;385275;0;0;
0.000;0.000;0.000;9919.000;385293;0;0;
0.000;0.000;0.000;9920.000;385311;0;0;
0.000;0.000;0.000;9921.000;385330;0;0;
0.000;0.000;0.000;9922.000;385348;0;0;
0.000;0.000;0.000;9923.000;385366;0;0;
0.000;0.000;0.000;9924.000;385385;0;0;
0.000;0.000;0.000;9925.000;385403;0;0;
0.000;0.000;0.000;9926.000;385422;0;0;
0.000;0.000;0.000;9927.000;385440;0;0;
0.000;0.000;0.000;9928.000;385459;0;0;
0.000;0.000;0.000;9929.000;385478;0;0;
0.000;0.000;0.000;9930.000;385496;0;0;
0.000;0.000;0.000;9931.000;385515;0;0;
0.000;0.000;0.000;9932.000;385534;0;0;
0.000;0.000;0.000;9933.000;385553;0;0;
0.000;0.000;0.000;9934.000;385572;0;0;
0.000;0.000;0.000;9935.000;385591;0;0;
0.000;0.000;0.000;9936.000;385610;0;0;
0.000;0.000;0.000;9937.000;385629;0;0;
0.000;0.000;0.000;9938.000;385648;0;0;
0.000;0.000;0.000;9939.000;385667;0;0;
0.000;0.000;0.000;9940.000;385686;0;0;
0.000;0.000;0.000;9941.000;385706;0;0;
0.000;0.000;0.000;9942.000;385725;0;0;
0.000;0.000;0.000;9943.000;385744;0;0;
0.000;0.000;0.000;9944.000;385764;0;0;
0.000;0.000;0.000;9945.000;385783;0;0;
0.000;0.000;0.000;9946.000;385803;0;0;
0.000;0.000;0.000;9947.000;385822;0;0;
0.000;0.000;0.000;9948.000;385842;0;0;
0.000;0.000;0.000;9949.000;385862;0;0;
0.000;0.000;0.000;9950.000;385881;0;0;
0.000;0.000;0.000;9951.000;385901;0;0;
0.000;0.000;0.000;9952.000;385921;0;0;
0.000;0.000;0.000;9953.000;385941;0;0;
0.000;0.000;0.000;9954.000;385961;0;0;
0.000;0.000;0.000;9955.000;385981;0;0;
0.000;0.000;0.000;9956.000;386001;0;0;
0.000;0.000;0.000;9957.000;386021;0;0;
0.000;0.000;0.000;9958.000;386041;0;0;
0.000;0.000;0.000;9959.000;386061;0;0;
0.000;0.000;0.000;9960.000;386082;0;0;
0.000;0.000;0.000;9961.000;386102;0;0;
0.000;0.000;0.000;9962.000;386122;0;0;
0.000;0.000;0.000;9963.000;386143;0;0;
0.000;0.000;0.000;9964.000;386163;0;0;
0.000;0.000;0.000;9965.000;386184;0;0;
0.000;0.000;0.000;9966.000;386204;0;0;
0.000;0.000;0.000;9967.000;386225;0;0;
0.000;0.000;0.000;9968.000;386246;0;0;
0.000;0.000;0.000;9969.000;386266;0;0;
0.000;0.000;0.000;9970.000;386287;0;0;
0.000;0.000;0.000;9971.000;386308;0;0;
0.000;0.000;0.000;9972.000;386329;0;0;
0.000;0.000;0.000;9973.000;386349;0;0;
0.000;0.000;0.000;9974.000;386370;0;0;
0.000;0.000;0.000;9975.000;386391;0;0;
0.000;0.000;0.000;9976.000;386412;0;0;
0.000;0.000;0.000;9977.000;386433;0;0;
0.000;0.000;0.000;9978.000;386454;0;0;
0.000;0.000;0.000;9979.000;386476;0;0;
0.000;0.000;0.000;9980.000;386497;0;0;
0.000;0.000;0.000;9981.000;386518;0;0;
0.000;0.000;0.000;9982.000;386539;0;0;
0.000;0.000;0.000;9983.000;386561;0;0;
0.000;0.000;0.000;9984.000;386582;0;0;
0.000;0.000;0.000;9985.000;386604;0;0;
0.000;0.000;0.000;9986.000;386625;0;0;
0.000;0.000;0.000;9987.000;386647;0;0;
0.000;0.000;0.000;9988.000;386668;0;0;
0.000;0.000;0.000;9989.000;386690;0;0;
0.000;0.000;0.000;9990.000;386711;0;0;
0.000;0.000;0.000;9991.000;386733;0;0;
0.000;0.000;0.000;9992.000;386755;0;0;
0.000;0.000;0.000;9993.000;386776;0;0;
0.000;0.000;0.000;9994.000;386798;0;0;
0.000;0.000;0.000;9995.000;386820;0;0;
0.000;0.000;0.000;9996.000;386842;0;0;
0.000;0.000;0.000;9997.000;386864;0;0;
0.000;0.000;0.000;9998.000;386886;0;0;
0.000;0.000;0.000;9999.000;386908;0;0;
0.000;0.000;0.000;10000.000;386930;0;0;
0.000;0.000;0.000;10001.000;386952;0;0;
0.000;0.000;0.000;10002.000;386974;0;0;
0.000;0.000;0.000;10003.000;386996;0;0;
0.000;0.000;0.000;10004.000;387018;0;0;
0.000;0.000;0.000;10005.000;387040;0;0;
0.000;0.000;0.000;10006.000;387063;0;0;
0.000;0.000;0.000;10007.000;387085;0;0;
0.000;0.000;0.000;10008.000;387107;0;0;
0.000;0.000;0.000;10009.000;387129;0;0;
0.000;0.000;0.000;10010.000;387152;0;0;
0.000;0.000;0.000;10011.000;387174;0;0;
0.000;0.000;0.000;10012.000;387196;0;0;
0.000;0.000;0.000;10013.000;387219;0;0;
0.000;0.000;0.000;10014.000;387241;0;0;
0.000;0.000;0.000;10015.000;387264;0;0;
0.000;0.000;0.000;10016.000;387286;0;0;
0.000;0.000;0.000;10017.000;387309;0;0;
0.000;0.000;0.000;10018.000;387331;0;0;
0.000;0.000;0.000;10019.000;387354;0;0;
0.000;0.000;0.000;10020.000;387376;0;0;
0.000;0.000;0.000;10021.000;387399;0;0;
0.000;0.000;0.000;10022.000;387422;0;0;
0.000;0.000;0.000;10023.000;387444;0;0;
0.000;0.000;0.000;10024.000;387467;0;0;
0.000;0.000;0.000;10025.000;387490;0;0;
0.000;0.000;0.000;10026.000;387513;0;0;
0.000;0.000;0.000;10027.000;387535;0;0;
0.000;0.000;0.000;10028.000;387558;0;0;
0.000;0.000;0.000;10029.000;387581;0;0;
0.000;0.000;0.000;10030.000;387604;0;0;
0.000;0.000;0.000;10031.000;387627;0;0;
0.000;0.000;0.000;10032.000;387650;0;0;
0.000;0.000;0.000;10033.000;387673;0;0;
0.000;0.000;0.000;10034.000;387696;0;0;
0.000;0.000;0.000;10035.000;387720;0;0;
0.000;0.000;0.000;10036.000;387743;0;0;
0.000;0.000;0.000;10037.000;387766;0;0;
0.000;0.000;0.000;10038.000;387789;0;0;
0.000;0.000;0.000;10039.000;387812;0;0;
0.000;0.000;0.000;10040.000;387836;0;0;
0.000;0.000;0.000;10041.000;387859;0;0;
0.000;0.000;0.000;10042.000;387882;0;0;
0.000;0.000;0.000;10043.000;387906;0;0;
0.000;0.000;0.000;10044.000;387929;0;0;
0.000;0.000;0.000;10045.000;387953;0;0;
0.000;0.000;0.000;10046.000;387976;0;0;
0.000;0.000;0.000;10047.000;388000;0;0;
0.000;0.000;0.000;10048.000;388023;0;0;
0.000;0.000;0.000;10049.000;388047;0;0;
0.000;0.000;0.000;10050.000;388070;0;0;
0.000;0.000;0.000;10051.000;388094;0;0;
0.000;0.000;0.000;10052.000;388118;0;0;
0.000;0.000;0.000;10053.000;388141;0;0;
0.000;0.000;0.000;10054.000;388165;0;0;
0.000;0.000;0.000;10055.000;388189;0;0;
0.000;0.000;0.000;10056.000;388213;0;0;
0.000;0.000;0.000;10057.000;388237;0;0;
0.000;0.000;0.000;10058.000;388261;0;0;
0.000;0.000;0.000;10059.000;388285;0;0;
0.000;0.000;0.000;10060.000;388308;0;0;
0.000;0.000;0.000;10061.000;388332;0;0;
0.000;0.000;0.000;10062.000;388356;0;0;
0.000;0.000;0.000;10063.000;388381;0;0;
0.000;0.000;0.000;10064.000;388405;0;0;
0.000;0.000;0.000;10065.000;388429;0;0;
0.000;0.000;0.000;10066.000;388453;0;0;
0.000;0.000;0.000;10067.000;388477;0;0;
0.000;0.000;0.000;10068.000;388502;0;0;
0.000;0.000;0.000;10069.000;388526;0;0;
0.000;0.000;0.000;10070.000;388550;0;0;
0.000;0.000;0.000;10071.000;388574;0;0;
0.000;0.000;0.000;10072.000;388599;0;0;
0.000;0.000;0.000;10073.000;388623;0;0;
0.000;0.000;0.000;10074.000;388648;0;0;
0.000;0.000;0.000;10075.000;388672;0;0;
0.000;0.000;0.000;10076.000;388697;0;0;
0.000;0.000;0.000;10077.000;388721;0;0;
0.000;0.000;0.000;10078.000;388746;0;0;
0.000;0.000;0.000;10079.000;388770;0;0;
0.000;0.000;0.000;10080.000;388795;0;0;
0.000;0.000;0.000;10081.000;388820;0;0;
0.000;0.000;0.000;10082.000;388844;0;0;
0.000;0.000;0.000;10083.000;388869;0;0;
0.000;0.000;0.000;10084.000;388894;0;0;
0.000;0.000;0.000;10085.000;388919;0;0;
0.000;0.000;0.000;10086.000;388944;0;0;
0.000;0.000;0.000;10087.000;388969;0;0;
0.000;0.000;0.000;10088.000;388994;0;0;
0.000;0.000;0.000;10089.000;389019;0;0;
0.000;0.000;0.000;10090.000;389044;0;0;
0.000;0.000;0.000;10091.000;389069;0;0;
0.000;0.000;0.000;10092.000;389094;0;0;
0.000;0.000;0.000;10093.000;389120;0;0;
0.000;0.000;0.000;10094.000;389145;0;0;
0.000;0.000;0.000;10095.000;389171;0;0;
0.000;0.000;0.000;10096.000;389196;0;0;
0.000;0.000;0.000;10097.000;389222;0;0;
0.000;0.000;0.000;10098.000;389247;0;0;
0.000;0.000;0.000;10099.000;389273;0;0;
0.000;0.000;0.000;10100.000;389298;0;0;
0.000;0.000;0.000;10101.000;389324;0;0;
0.000;0.000;0.000;10102.000;389349;0;0;
0.000;0.000;0.000;10103.000;389375;0;0;
0.000;0.000;0.000;10104.000;389401;0;0;
0.000;0.000;0.000;10105.000;389427;0;0;
0.000;0.000;0.000;10106.000;389452;0;0;
0.000;0.000;0.000;10107.000;389478;0;0;
0.000;0.000;0.000;10108.000;389504;0;0;
0.000;0.000;0.000;10109.000;389530;0;0;
0.000;0.000;0.000;10110.000;389556;0;0;
0.000;0.000;0.000;10111.000;389582;0;0;
0.000;0.000;0.000;10112.000;389609;0;0;
2740.350;3.907;0.000;10113.000;389635;0;0;
2913.477;11.624;0.000;10114.000;389661;0;0;
2969.302;22.125;0.000;10115.000;389687;0;0;
3005.802;26.935;0.000;10116.000;389714;0;0;
2978.592;29.304;0.000;10117.000;389740;0;0;
2973.002;34.750;0.000;10118.000;389767;0;0;
2992.242;48.449;0.000;10119.000;389793;0;0;
2989.229;82.320;0.000;10120.000;389820;0;0;
2992.801;98.999;0.000;10121.000;389846;0;0;
3022.912;100.000;128.000;10122.000;389873;0;0;
3000.200;100.000;128.000;10123.000;389900;0;0;
3029.158;100.000;128.000;10124.000;389927;0;0;
3003.104;100.000;128.000;10125.000;389954;0;0;
3017.438;100.000;128.000;10126.000;389981;0;0;
3014.396;100.000;128.000;10127.000;390008;0;0;
2991.021;100.000;128.000;10128.000;390035;0;0;
3004.497;100.000;128.000;10129.000;390062;0;0;
3006.225;100.000;128.000;10130.000;390089;0;0;
2997.999;100.000;128.000;10131.000;390116;0;0;
2991.250;100.000;128.000;10132.000;390143;0;0;
2987.075;100.000;128.000;10133.000;390171;0;0;
2986.305;100.000;128.000;10134.000;390198;0;0;
2985.043;100.000;128.000;10135.000;390225;0;0;
2985.377;100.000;128.000;10136.000;390252;0;0;
2993.466;100.000;128.000;10137.000;390280;0;0;
2990.473;100.000;128.000;10138.000;390307;0;0;
2985.180;100.000;128.000;10139.000;390335;0;0;
2986.219;100.000;128.000;10140.000;390362;0;0;
3007.319;100.000;128.000;10141.000;390390;0;0;
3062.460;100.000;128.000;10142.000;390418;0;0;
3311.094;13.504;0.000;10143.000;390446;0;0;
2758.046;14.725;0.000;10144.000;390473;0;0;
1891.748;7.253;0.000;10145.000;390501;0;0;
1868.473;6.716;0.000;10146.000;390529;0;0;
1861.579;9.988;0.000;10147.000;390557;0;0;
1871.329;10.647;0.000;10148.000;390585;0;0;
1865.968;9.182;0.000;10149.000;390613;0;0;
1858.064;12.112;0.000;10150.000;390641;0;0;
1863.039;12.479;0.000;10151.000;390669;0;0;
1869.538;12.698;0.000;10152.000;390697;0;0;
1865.812;14.359;0.000;10153.000;390725;0;0;
1866.261;15.311;0.000;10154.000;390754;0;0;
1872.518;12.503;0.000;10155.000;390782;0;0;
1873.189;11.966;0.000;10156.000;390810;0;0;
1877.626;9.719;0.000;10157.000;390839;0;0;
1871.687;6.618;0.000;10158.000;390867;0;0;
1865.708;5.177;0.000;10159.000;390896;0;0;
1852.904;4.933;0.000;10160.000;390924;0;0;
0.000;0.000;0.000;10161.000;390953;0;0;
2917.326;4.444;0.000;10162.000;390981;0;0;
2945.540;32.137;0.000;10163.000;391010;0;0;
2967.756;100.000;128.000;10164.000;391038;0;0;
2949.181;100.000;128.000;10165.000;391067;0;0;
2954.560;100.000;128.000;10166.000;391096;0;0;
2946.579;100.000;128.000;10167.000;391125;0;0;
2939.165;100.000;128.000;10168.000;391153;0;0;
2955.364;100.000;128.000;10169.000;391182;0;0;
2956.976;100.000;128.000;10170.000;391211;0;0;
2946.217;100.000;128.000;10171.000;391240;0;0;
2933.444;100.000;128.000;10172.000;391269;0;0;
2938.601;100.000;128.000;10173.000;391298;0;0;
2939.667;100.000;128.000;10174.000;391327;0;0;
2950.450;100.000;128.000;10175.000;391356;0;0;
2950.110;100.000;128.000;10176.000;391386;0;0;
2932.925;100.000;128.000;10177.000;391415;0;0;
2940.445;100.000;128.000;10178.000;391444;0;0;
2940.995;100.000;128.000;10179.000;391473;0;0;
2937.522;100.000;128.000;10180.000;391503;0;0;
2937.799;100.000;128.000;10181.000;391532;0;0;
2921.301;100.000;128.000;10182.000;391562;0;0;
2936.397;100.000;128.000;10183.000;391591;0;0;
2945.294;100.000;128.000;10184.000;391621;0;0;
2942.295;100.000;128.000;10185.000;391650;0;0;
2940.681;100.000;128.000;10186.000;391680;0;0;
2941.914;100.000;128.000;10187.000;391710;0;0;
2947.192;100.000;128.000;10188.000;391739;0;0;
2949.764;100.000;128.000;10189.000;391769;0;0;
3004.563;100.000;128.000;10190.000;391799;0;0;
2947.171;15.946;0.000;10191.000;391829;0;0;
1833.756;15.409;0.000;10192.000;391859;0;0;
1856.241;27.131;0.000;10193.000;391888;0;0;
1867.039;16.313;0.000;10194.000;391918;0;0;
1874.083;50.842;0.000;10195.000;391948;0;0;
1886.158;28.376;0.000;10196.000;391978;0;0;
1867.379;81.929;0.000;10197.000;392008;0;0;
1863.724;98.999;0.000;10198.000;392039;0;0;
1866.942;29.133;0.000;10199.000;392069;0;0;
1865.990;38.730;0.000;10200.000;392099;0;0;
1869.401;43.101;0.000;10201.000;392129;0;0;
1870.587;27.643;0.000;10202.000;392160;0;0;
1864.745;30.940;0.000;10203.000;392190;0;0;
1865.824;29.817;0.000;10204.000;392220;0;0;
1860.225;25.470;0.000;10205.000;392251;0;0;
1857.757;13.162;0.000;10206.000;392282;0;0;
1863.634;14.701;0.000;10207.000;392312;0;0;
1826.989;13.773;0.000;10208.000;392343;0;0;
2871.872;14.505;0.000;10209.000;392373;0;0;
2993.175;100.000;128.000;10210.000;392404;0;0;
2943.291;100.000;128.000;10211.000;392435;0;0;
2941.186;100.000;128.000;10212.000;392466;0;0;
2933.101;100.000;128.000;10213.000;392497;0;0;
2940.466;100.000;128.000;10214.000;392527;0;0;
2940.298;100.000;128.000;10215.000;392558;0;0;
2926.603;100.000;128.000;10216.000;392589;0;0;
2936.434;100.000;128.000;10217.000;392620;0;0;
2922.176;100.000;128.000;10218.000;392651;0;0;
2923.186;100.000;128.000;10219.000;392683;0;0;
2930.465;100.000;128.000;10220.000;392714;0;0;
2927.346;100.000;128.000;10221.000;392745;0;0;
2918.216;100.000;128.000;10222.000;392776;0;0;
2936.507;100.000;128.000;10223.000;392807;0;0;
2943.666;100.000;128.000;10224.000;392839;0;0;
2940.937;100.000;128.000;10225.000;392870;0;0;
2938.571;100.000;128.000;10226.000;392901;0;0;
2928.940;100.000;128.000;10227.000;392933;0;0;
2932.911;100.000;128.000;10228.000;392964;0;0;
2936.466;100.000;128.000;10229.000;392996;0;0;
2938.774;100.000;128.000;10230.000;393027;0;0;
2936.101;100.000;128.000;10231.000;393059;0;0;
2940.084;100.000;128.000;10232.000;393090;0;0;
2932.917;100.000;128.000;10233.000;393122;0;0;
2937.235;100.000;128.000;10234.000;393153;0;0;
3011.223;100.000;128.000;10235.000;393185;0;0;
2954.279;17.216;0.000;10236.000;393216;0;0;
1851.467;15.263;0.000;10237.000;393248;0;0;
1877.341;21.954;0.000;10238.000;393280;0;0;
1861.631;33.748;0.000;10239.000;393312;0;0;
1878.240;41.783;0.000;10240.000;393344;0;0;
1872.112;18.999;0.000;10241.000;393375;0;0;
1870.748;38.803;0.000;10242.000;393407;0;0;
1868.627;98.999;0.000;10243.000;393439;0;0;
1870.291;76.313;0.000;10244.000;393471;0;0;
1860.617;72.283;0.000;10245.000;393503;0;0;
1879.545;42.930;0.000;10246.000;393535;0;0;
1868.426;29.524;0.000;10247.000;393567;0;0;
1864.096;55.189;0.000;10248.000;393599;0;0;
1860.981;41.490;0.000;10249.000;393632;0;0;
1857.583;57.631;0.000;10250.000;393664;0;0;
1856.786;21.368;0.000;10251.000;393696;0;0;
1873.428;17.387;0.000;10252.000;393728;0;0;
2754.453;19.048;0.000;10253.000;393761;0;0;
2997.202;100.000;128.000;10254.000;393793;0;0;
2930.165;100.000;128.000;10255.000;393825;0;0;
2933.066;100.000;128.000;10256.000;393858;0;0;
2934.194;100.000;128.000;10257.000;393890;0;0;
2933.828;100.000;128.000;10258.000;393923;0;0;
2929.074;100.000;128.000;10259.000;393955;0;0;
2919.903;100.000;128.000;10260.000;393988;0;0;
2922.328;100.000;128.000;10261.000;394020;0;0;
2924.622;100.000;128.000;10262.000;394052;0;0;
2937.898;100.000;128.000;10263.000;394085;0;0;
2936.113;100.000;128.000;10264.000;394118;0;0;
2925.463;100.000;128.000;10265.000;394150;0;0;
2922.718;100.000;128.000;10266.000;394183;0;0;
2924.206;100.000;128.000;10267.000;394215;0;0;
2926.306;100.000;128.000;10268.000;394248;0;0;
2931.294;100.000;128.000;10269.000;394281;0;0;
2933.558;100.000;128.000;10270.000;394313;0;0;
2932.329;100.000;128.000;10271.000;394346;0;0;
2936.090;100.000;128.000;10272.000;394379;0;0;
2938.912;100.000;128.000;10273.000;394411;0;0;
2928.286;100.000;128.000;10274.000;394444;0;0;
2931.808;100.000;128.000;10275.000;394477;0;0;
2948.376;100.000;128.000;10276.000;394510;0;0;
3001.310;100.000;128.000;10277.000;394543;0;0;
3043.626;11.453;0.000;10278.000;394576;0;0;
1879.413;13.187;0.000;10279.000;394609;0;0;
1864.436;14.212;0.000;10280.000;394642;0;0;
1856.650;21.221;0.000;10281.000;394675;0;0;
1874.928;31.990;0.000;10282.000;394708;0;0;
1872.492;30.061;0.000;10283.000;394741;0;0;
1864.464;26.618;0.000;10284.000;394774;0;0;
1865.336;29.133;0.000;10285.000;394807;0;0;
1858.150;28.938;0.000;10286.000;394840;0;0;
1859.474;34.994;0.000;10287.000;394873;0;0;
1858.746;44.737;0.000;10288.000;394906;0;0;
1862.317;30.989;0.000;10289.000;394939;0;0;
1863.516;20.781;0.000;10290.000;394972;0;0;
1856.284;15.165;0.000;10291.000;395005;0;0;
1859.243;14.457;0.000;10292.000;395038;0;0;
1849.851;8.303;0.000;10293.000;395071;0;0;
2880.521;6.252;0.000;10294.000;395104;0;0;
3021.653;100.000;128.000;10295.000;395137;0;0;
2954.060;100.000;128.000;10296.000;395170;0;0;
2922.889;100.000;128.000;10297.000;395204;0;0;
2923.632;100.000;128.000;10298.000;395237;0;0;
2939.104;100.000;128.000;10299.000;395270;0;0;
2930.823;100.000;128.000;10300.000;395303;0;0;
2934.351;100.000;128.000;10301.000;395336;0;0;
2934.991;100.000;128.000;10302.000;395369;0;0;
2927.002;100.000;128.000;10303.000;395403;0;0;
2927.345;100.000;128.000;10304.000;395436;0;0;
2923.236;100.000;128.000;10305.000;395469;0;0;
2919.802;100.000;128.000;10306.000;395503;0;0;
2935.657;100.000;128.000;10307.000;395536;0;0;
2924.460;100.000;128.000;10308.000;395569;0;0;
2925.065;100.000;128.000;10309.000;395603;0;0;
2929.625;100.000;128.000;10310.000;395636;0;0;
2929.803;100.000;128.000;10311.000;395669;0;0;
2933.878;100.000;128.000;10312.000;395703;0;0;
2930.255;100.000;128.000;10313.000;395736;0;0;
2924.972;100.000;128.000;10314.000;395769;0;0;
2928.274;100.000;128.000;10315.000;395803;0;0;
2938.920;100.000;128.000;10316.000;395836;0;0;
2939.290;100.000;128.000;10317.000;395869;0;0;
2935.444;100.000;128.000;10318.000;395903;0;0;
3005.411;100.000;128.000;10319.000;395936;0;0;
2964.533;18.559;0.000;10320.000;395969;0;0;
1858.155;8.303;0.000;10321.000;396003;0;0;
1863.039;17.827;0.000;10322.000;396036;0;0;
1900.380;7.131;0.000;10323.000;396069;0;0;
1872.250;16.044;0.000;10324.000;396103;0;0;
1866.750;30.867;0.000;10325.000;396136;0;0;
1868.475;27.595;0.000;10326.000;396169;0;0;
1859.781;24.982;0.000;10327.000;396203;0;0;
1857.410;26.154;0.000;10328.000;396236;0;0;
1860.428;23.126;0.000;10329.000;396269;0;0;
1855.746;24.737;0.000;10330.000;396303;0;0;
1865.184;20.806;0.000;10331.000;396336;0;0;
1855.460;17.338;0.000;10332.000;396370;0;0;
1867.576;12.283;0.000;10333.000;396403;0;0;
1842.831;11.209;0.000;10334.000;396437;0;0;
1857.342;9.719;0.000;10335.000;396470;0;0;
2385.808;9.182;0.000;10336.000;396504;0;0;
3003.720;100.000;128.000;10337.000;396537;0;0;
2962.010;100.000;128.000;10338.000;396571;0;0;
2947.148;100.000;128.000;10339.000;396604;0;0;
2938.189;100.000;128.000;10340.000;396638;0;0;
2937.082;100.000;128.000;10341.000;396671;0;0;
2937.445;100.000;128.000;10342.000;396705;0;0;
2936.604;100.000;128.000;10343.000;396738;0;0;
2930.437;100.000;128.000;10344.000;396772;0;0;
2940.394;100.000;128.000;10345.000;396806;0;0;
2938.195;100.000;128.000;10346.000;396839;0;0;
2929.785;100.000;128.000;10347.000;396873;0;0;
2935.299;100.000;128.000;10348.000;396906;0;0;
2933.396;100.000;128.000;10349.000;396940;0;0;
2936.458;100.000;128.000;10350.000;396973;0;0;
2935.476;100.000;128.000;10351.000;397007;0;0;
2929.448;100.000;128.000;10352.000;397040;0;0;
2934.445;100.000;128.000;10353.000;397074;0;0;
2942.006;100.000;128.000;10354.000;397108;0;0;
2937.528;100.000;128.000;10355.000;397141;0;0;
2950.261;100.000;128.000;10356.000;397175;0;0;
2949.096;100.000;128.000;10357.000;397209;0;0;
2955.054;100.000;128.000;10358.000;397242;0;0;
2948.339;100.000;128.000;10359.000;397276;0;0;
2953.447;100.000;128.000;10360.000;397310;0;0;
3001.643;100.000;128.000;10361.000;397343;0;0;
2998.620;16.996;0.000;10362.000;397377;0;0;
1838.841;7.668;0.000;10363.000;397411;0;0;
1855.833;11.502;0.000;10364.000;397444;0;0;
1875.633;14.652;0.000;10365.000;397478;0;0;
1867.047;16.947;0.000;10366.000;397512;0;0;
1872.351;24.371;0.000;10367.000;397546;0;0;
1867.755;34.481;0.000;10368.000;397579;0;0;
1861.117;29.768;0.000;10369.000;397613;0;0;
1858.535;21.172;0.000;10370.000;397647;0;0;
1853.980;34.335;0.000;10371.000;397680;0;0;
1863.087;27.595;0.000;10372.000;397714;0;0;
1862.807;21.636;0.000;10373.000;397748;0;0;
1856.635;30.183;0.000;10374.000;397781;0;0;
1864.593;23.810;0.000;10375.000;397815;0;0;
1856.557;17.265;0.000;10376.000;397848;0;0;
1843.251;8.767;0.000;10377.000;397882;0;0;
2933.894;8.864;0.000;10378.000;397915;0;0;
3009.648;87.912;0.000;10379.000;397949;0;0;
2957.591;100.000;128.000;10380.000;397982;0;0;
2942.843;100.000;128.000;10381.000;398016;0;0;
2946.673;100.000;128.000;10382.000;398049;0;0;
2958.248;100.000;128.000;10383.000;398082;0;0;
2954.313;100.000;128.000;10384.000;398116;0;0;
2944.557;100.000;128.000;10385.000;398149;0;0;
2942.768;100.000;128.000;10386.000;398182;0;0;
2940.250;100.000;128.000;10387.000;398216;0;0;
2938.810;100.000;128.000;10388.000;398249;0;0;
2946.438;100.000;128.000;10389.000;398282;0;0;
2940.638;100.000;128.000;10390.000;398315;0;0;
2935.099;100.000;128.000;10391.000;398348;0;0;
2929.706;100.000;128.000;10392.000;398381;0;0;
2936.139;100.000;128.000;10393.000;398414;0;0;
2934.256;100.000;128.000;10394.000;398448;0;0;
2934.521;100.000;128.000;10395.000;398481;0;0;
2940.524;100.000;128.000;10396.000;398513;0;0;
2943.657;100.000;128.000;10397.000;398546;0;0;
2943.474;100.000;128.000;10398.000;398579;0;0;
2936.479;100.000;128.000;10399.000;398612;0;0;
2940.035;100.000;128.000;10400.000;398645;0;0;
2940.322;100.000;128.000;10401.000;398678;0;0;
2952.926;100.000;128.000;10402.000;398711;0;0;
3018.991;100.000;128.000;10403.000;398744;0;0;
2950.370;12.698;0.000;10404.000;398776;0;0;
1856.627;6.813;0.000;10405.000;398809;0;0;
1884.479;10.330;0.000;10406.000;398842;0;0;
1859.997;4.957;0.000;10407.000;398874;0;0;
1880.922;18.193;0.000;10408.000;398906;0;0;
1871.922;55.922;0.000;10409.000;398939;0;0;
1873.144;59.683;0.000;10410.000;398971;0;0;
1870.967;53.675;0.000;10411.000;399004;0;0;
1863.272;22.759;0.000;10412.000;399036;0;0;
1862.649;29.035;0.000;10413.000;399068;0;0;
1873.155;28.645;0.000;10414.000;399100;0;0;
1863.628;40.562;0.000;10415.000;399132;0;0;
1859.690;98.999;0.000;10416.000;399164;0;0;
1853.219;42.418;0.000;10417.000;399196;0;0;
1837.899;10.549;0.000;10418.000;399228;0;0;
1855.198;10.110;0.000;10419.000;399259;0;0;
1833.034;8.425;0.000;10420.000;399291;0;0;
2974.743;16.264;0.000;10421.000;399323;0;0;
3001.520;100.000;128.000;10422.000;399354;0;0;
2941.086;100.000;128.000;10423.000;399386;0;0;
2939.311;100.000;128.000;10424.000;399417;0;0;
2946.724;100.000;128.000;10425.000;399449;0;0;
2935.847;100.000;128.000;10426.000;399480;0;0;
2956.250;100.000;128.000;10427.000;399511;0;0;
2951.664;100.000;128.000;10428.000;399542;0;0;
2941.449;100.000;128.000;10429.000;399573;0;0;
2951.188;100.000;128.000;10430.000;399604;0;0;
2935.591;100.000;128.000;10431.000;399635;0;0;
2941.770;100.000;128.000;10432.000;399666;0;0;
2940.967;100.000;128.000;10433.000;399697;0;0;
2938.723;100.000;128.000;10434.000;399728;0;0;
2936.198;100.000;128.000;10435.000;399758;0;0;
2933.006;100.000;128.000;10436.000;399789;0;0;
2937.935;100.000;128.000;10437.000;399819;0;0;
2951.376;100.000;128.000;10438.000;399850;0;0;
2952.319;100.000;128.000;10439.000;399880;0;0;
2936.654;100.000;128.000;10440.000;399910;0;0;
2940.449;100.000;128.000;10441.000;399940;0;0;
2950.194;100.000;128.000;10442.000;399970;0;0;
2944.096;100.000;128.000;10443.000;400000;0;0;
2947.571;100.000;128.000;10444.000;400030;0;0;
2962.978;100.000;128.000;10445.000;400059;0;0;
2953.495;100.000;128.000;10446.000;400089;0;0;
3010.862;100.000;128.000;10447.000;400119;0;0;
2964.799;13.407;0.000;10448.000;400148;0;0;
1857.915;10.989;0.000;10449.000;400178;0;0;
1872.836;10.842;0.000;10450.000;400207;0;0;
1865.691;13.236;0.000;10451.000;400236;0;0;
1872.320;14.799;0.000;10452.000;400265;0;0;
1876.860;26.545;0.000;10453.000;400294;0;0;
1867.810;23.101;0.000;10454.000;400324;0;0;
1866.156;28.547;0.000;10455.000;400352;0;0;
1859.126;26.789;0.000;10456.000;400381;0;0;
1861.888;27.179;0.000;10457.000;400410;0;0;
1860.003;30.989;0.000;10458.000;400439;0;0;
1860.740;25.519;0.000;10459.000;400467;0;0;
1866.031;22.369;0.000;10460.000;400496;0;0;
1865.893;18.852;0.000;10461.000;400525;0;0;
1861.224;29.280;0.000;10462.000;400553;0;0;
1844.401;15.165;0.000;10463.000;400581;0;0;
1856.798;11.477;0.000;10464.000;400609;0;0;
1864.924;9.158;0.000;10465.000;400637;0;0;
1849.220;10.476;0.000;10466.000;400666;0;0;
2961.396;13.846;0.000;10467.000;400694;0;0;
3010.782;100.000;128.000;10468.000;400722;0;0;
2957.983;100.000;128.000;10469.000;400749;0;0;
2945.542;100.000;128.000;10470.000;400777;0;0;
2949.397;100.000;128.000;10471.000;400805;0;0;
2951.148;100.000;128.000;10472.000;400833;0;0;
2937.935;100.000;128.000;10473.000;400860;0;0;
2936.857;100.000;128.000;10474.000;400888;0;0;
2951.221;100.000;128.000;10475.000;400915;0;0;
2941.373;100.000;128.000;10476.000;400942;0;0;
2935.615;100.000;128.000;10477.000;400970;0;0;
2939.768;100.000;128.000;10478.000;400997;0;0;
2932.847;100.000;128.000;10479.000;401024;0;0;
2945.608;100.000;128.000;10480.000;401051;0;0;
2938.478;100.000;128.000;10481.000;401078;0;0;
2948.403;100.000;128.000;10482.000;401105;0;0;
2944.051;100.000;128.000;10483.000;401132;0;0;
2940.389;100.000;128.000;10484.000;401159;0;0;
2952.148;100.000;128.000;10485.000;401186;0;0;
2948.411;100.000;128.000;10486.000;401213;0;0;
2947.959;100.000;128.000;10487.000;401239;0;0;
2961.303;100.000;128.000;10488.000;401266;0;0;
2961.989;100.000;128.000;10489.000;401292;0;0;
2950.365;100.000;128.000;10490.000;401319;0;0;
2952.600;100.000;128.000;10491.000;401345;0;0;
2962.681;100.000;128.000;10492.000;401372;0;0;
2951.944;100.000;128.000;10493.000;401398;0;0;
2963.499;100.000;128.000;10494.000;401424;0;0;
2952.415;100.000;128.000;10495.000;401451;0;0;
2949.310;100.000;128.000;10496.000;401477;0;0;
3006.707;100.000;128.000;10497.000;401503;0;0;
3032.924;15.873;0.000;10498.000;401529;0;0;
2933.977;8.620;0.000;10499.000;401555;0;0;
1880.011;10.379;0.000;10500.000;401581;0;0;
1873.037;10.183;0.000;10501.000;401607;0;0;
1868.672;16.972;0.000;10502.000;401633;0;0;
1869.567;25.153;0.000;10503.000;401659;0;0;
1872.705;23.028;0.000;10504.000;401685;0;0;
1870.928;18.242;0.000;10505.000;401711;0;0;
1869.466;27.302;0.000;10506.000;401737;0;0;
1865.688;40.952;0.000;10507.000;401763;0;0;
1859.143;63.443;0.000;10508.000;401789;0;0;
1862.778;33.358;0.000;10509.000;401815;0;0;
1859.986;28.449;0.000;10510.000;401840;0;0;
1870.183;28.083;0.000;10511.000;401866;0;0;
1878.112;17.094;0.000;10512.000;401892;0;0;
1869.927;23.077;0.000;10513.000;401917;0;0;
1859.503;17.485;0.000;10514.000;401943;0;0;
1857.957;11.526;0.000;10515.000;401969;0;0;
1858.674;11.429;0.000;10516.000;401994;0;0;
1858.719;8.962;0.000;10517.000;402020;0;0;
1862.494;7.961;0.000;10518.000;402045;0;0;
2936.837;12.967;0.000;10519.000;402071;0;0;
2989.618;10.720;0.000;10520.000;402096;0;0;
3004.900;100.000;128.000;10521.000;402122;0;0;
2951.402;100.000;128.000;10522.000;402147;0;0;
2957.729;100.000;128.000;10523.000;402173;0;0;
2950.258;100.000;128.000;10524.000;402198;0;0;
2954.150;100.000;128.000;10525.000;402224;0;0;
2953.238;100.000;128.000;10526.000;402249;0;0;
2939.255;100.000;128.000;10527.000;402275;0;0;
2959.900;100.000;128.000;10528.000;402300;0;0;
2954.864;100.000;128.000;10529.000;402326;0;0;
2940.785;100.000;128.000;10530.000;402351;0;0;
2948.948;100.000;128.000;10531.000;402376;0;0;
2948.390;100.000;128.000;10532.000;402402;0;0;
2949.108;100.000;128.000;10533.000;402427;0;0;
2949.349;100.000;128.000;10534.000;402453;0;0;
2944.046;100.000;128.000;10535.000;402478;0;0;
2934.160;100.000;128.000;10536.000;402504;0;0;
2936.787;100.000;128.000;10537.000;402529;0;0;
2934.737;100.000;128.000;10538.000;402555;0;0;
2948.236;100.000;128.000;10539.000;402580;0;0;
2944.674;100.000;128.000;10540.000;402606;0;0;
2955.217;100.000;128.000;10541.000;402631;0;0;
2945.554;100.000;128.000;10542.000;402656;0;0;
2951.183;100.000;128.000;10543.000;402682;0;0;
2959.076;100.000;128.000;10544.000;402707;0;0;
2958.632;100.000;128.000;10545.000;402733;0;0;
2958.574;100.000;128.000;10546.000;402758;0;0;
2964.622;100.000;128.000;10547.000;402784;0;0;
2960.129;100.000;128.000;10548.000;402809;0;0;
2957.766;100.000;128.000;10549.000;402834;0;0;
2990.929;100.000;128.000;10550.000;402860;0;0;
3018.748;100.000;128.000;10551.000;402885;0;0;
3083.832;10.818;0.000;10552.000;402911;0;0;
2938.898;7.473;0.000;10553.000;402936;0;0;
1874.038;8.474;0.000;10554.000;402962;0;0;
1865.512;9.646;0.000;10555.000;402987;0;0;
1868.404;15.751;0.000;10556.000;403012;0;0;
1869.190;19.145;0.000;10557.000;403038;0;0;
1873.083;25.006;0.000;10558.000;403064;0;0;
1864.777;24.713;0.000;10559.000;403089;0;0;
1867.113;39.267;0.000;10560.000;403114;0;0;
1859.575;33.675;0.000;10561.000;403140;0;0;
1855.015;54.212;0.000;10562.000;403166;0;0;
1856.926;31.087;0.000;10563.000;403191;0;0;
1861.708;34.310;0.000;10564.000;403216;0;0;
1856.920;39.707;0.000;10565.000;403242;0;0;
1866.578;39.829;0.000;10566.000;403268;0;0;
1861.940;34.896;0.000;10567.000;403293;0;0;
1863.691;24.371;0.000;10568.000;403319;0;0;
1861.891;19.634;0.000;10569.000;403344;0;0;
1853.440;21.807;0.000;10570.000;403370;0;0;
1844.630;16.386;0.000;10571.000;403396;0;0;
1865.424;11.941;0.000;10572.000;403421;0;0;
1816.218;10.476;0.000;10573.000;403447;0;0;
3002.447;18.950;0.000;10574.000;403473;0;0;
2997.271;100.000;128.000;10575.000;403499;0;0;
2958.306;100.000;128.000;10576.000;403525;0;0;
2946.882;100.000;128.000;10577.000;403550;0;0;
2949.387;100.000;128.000;10578.000;403576;0;0;
2948.176;100.000;128.000;10579.000;403602;0;0;
2952.125;100.000;128.000;10580.000;403628;0;0;
2937.003;100.000;128.000;10581.000;403654;0;0;
2941.969;100.000;128.000;10582.000;403680;0;0;
2938.480;100.000;128.000;10583.000;403706;0;0;
2944.526;100.000;128.000;10584.000;403732;0;0;
2938.930;100.000;128.000;10585.000;403758;0;0;
2949.914;100.000;128.000;10586.000;403784;0;0;
2937.306;100.000;128.000;10587.000;403810;0;0;
2939.844;100.000;128.000;10588.000;403836;0;0;
2952.012;100.000;128.000;10589.000;403862;0;0;
2954.691;100.000;128.000;10590.000;403888;0;0;
2940.880;100.000;128.000;10591.000;403914;0;0;
2937.200;100.000;128.000;10592.000;403940;0;0;
2950.188;100.000;128.000;10593.000;403967;0;0;
2954.250;100.000;128.000;10594.000;403993;0;0;
2942.076;100.000;128.000;10595.000;404019;0;0;
2950.994;100.000;128.000;10596.000;404045;0;0;
2949.475;100.000;128.000;10597.000;404071;0;0;
2951.273;100.000;128.000;10598.000;404098;0;0;
2953.589;100.000;128.000;10599.000;404124;0;0;
2948.325;100.000;128.000;10600.000;404150;0;0;
2947.684;100.000;128.000;10601.000;404176;0;0;
2953.909;100.000;128.000;10602.000;404203;0;0;
2962.318;100.000;128.000;10603.000;404229;0;0;
2998.852;100.000;128.000;10604.000;404255;0;0;
3015.554;23.736;0.000;10605.000;404282;0;0;
2937.681;10.842;0.000;10606.000;404308;0;0;
1910.485;6.691;0.000;10607.000;404334;0;0;
1878.013;6.276;0.000;10608.000;404361;0;0;
1869.599;11.331;0.000;10609.000;404387;0;0;
1873.126;15.043;0.000;10610.000;404413;0;0;
1879.233;16.508;0.000;10611.000;404440;0;0;
1867.298;20.147;0.000;10612.000;404466;0;0;
1870.408;19.512;0.000;10613.000;404493;0;0;
1868.431;40.806;0.000;10614.000;404519;0;0;
1865.584;87.253;0.000;10615.000;404546;0;0;
1864.299;61.343;0.000;10616.000;404572;0;0;
1869.522;28.474;0.000;10617.000;404598;0;0;
1868.975;33.846;0.000;10618.000;404625;0;0;
1865.776;26.081;0.000;10619.000;404651;0;0;
1862.516;19.756;0.000;10620.000;404678;0;0;
1863.325;24.127;0.000;10621.000;404704;0;0;
1855.886;18.877;0.000;10622.000;404731;0;0;
1837.085;9.451;0.000;10623.000;404757;0;0;
1872.977;7.985;0.000;10624.000;404784;0;0;
2939.685;9.475;0.000;10625.000;404810;0;0;
3023.010;12.845;0.000;10626.000;404837;0;0;
3007.628;100.000;128.000;10627.000;404864;0;0;
2960.148;100.000;128.000;10628.000;404890;0;0;
2960.260;100.000;128.000;10629.000;404917;0;0;
2969.762;100.000;128.000;10630.000;404943;0;0;
2977.395;100.000;128.000;10631.000;404970;0;0;
2949.059;100.000;128.000;10632.000;404996;0;0;
2953.220;100.000;128.000;10633.000;405023;0;0;
2964.596;100.000;128.000;10634.000;405050;0;0;
2956.669;100.000;128.000;10635.000;405076;0;0;
2946.897;100.000;128.000;10636.000;405103;0;0;
2949.432;100.000;128.000;10637.000;405129;0;0;
2955.490;100.000;128.000;10638.000;405156;0;0;
2955.580;100.000;128.000;10639.000;405183;0;0;
2951.654;100.000;128.000;10640.000;405209;0;0;
2950.750;100.000;128.000;10641.000;405236;0;0;
2939.684;100.000;128.000;10642.000;405263;0;0;
2946.282;100.000;128.000;10643.000;405289;0;0;
2949.023;100.000;128.000;10644.000;405316;0;0;
2952.381;100.000;128.000;10645.000;405342;0;0;
2952.784;100.000;128.000;10646.000;405369;0;0;
2947.002;100.000;128.000;10647.000;405395;0;0;
2954.913;100.000;128.000;10648.000;405422;0;0;
2955.343;100.000;128.000;10649.000;405449;0;0;
2954.218;100.000;128.000;10650.000;405475;0;0;
2946.384;100.000;128.000;10651.000;405502;0;0;
2944.909;100.000;128.000;10652.000;405529;0;0;
2952.006;100.000;128.000;10653.000;405556;0;0;
2954.912;100.000;128.000;10654.000;405582;0;0;
2965.347;100.000;128.000;10655.000;405609;0;0;
2991.655;100.000;128.000;10656.000;405636;0;0;
3009.156;100.000;128.000;10657.000;405663;0;0;
2963.538;12.625;0.000;10658.000;405689;0;0;
2907.697;6.496;0.000;10659.000;405716;0;0;
1871.235;5.299;0.000;10660.000;405743;0;0;
1866.095;6.105;0.000;10661.000;405769;0;0;
1879.928;10.574;0.000;10662.000;405796;0;0;
1877.734;30.232;0.000;10663.000;405823;0;0;
1871.207;33.065;0.000;10664.000;405850;0;0;
1875.087;51.184;0.000;10665.000;405877;0;0;
1874.731;26.545;0.000;10666.000;405904;0;0;
1866.453;21.319;0.000;10667.000;405930;0;0;
1870.412;29.573;0.000;10668.000;405957;0;0;
1867.833;41.709;0.000;10669.000;405984;0;0;
1867.138;47.350;0.000;10670.000;406011;0;0;
1876.328;19.829;0.000;10671.000;406038;0;0;
1867.303;18.510;0.000;10672.000;406065;0;0;
1871.507;9.670;0.000;10673.000;406092;0;0;
1865.208;10.501;0.000;10674.000;406119;0;0;
1864.096;9.377;0.000;10675.000;406146;0;0;
1884.215;12.747;0.000;10676.000;406173;0;0;
1841.675;14.628;0.000;10677.000;406200;0;0;
2931.408;9.304;0.000;10678.000;406227;0;0;
3015.933;100.000;128.000;10679.000;406254;0;0;
2958.092;100.000;128.000;10680.000;406281;0;0;
2964.152;100.000;128.000;10681.000;406308;0;0;
2977.148;100.000;128.000;10682.000;406335;0;0;
2955.017;100.000;128.000;10683.000;406363;0;0;
2955.983;100.000;128.000;10684.000;406390;0;0;
2959.328;100.000;128.000;10685.000;406417;0;0;
2962.353;100.000;128.000;10686.000;406444;0;0;
2960.542;100.000;128.000;10687.000;406471;0;0;
2959.211;100.000;128.000;10688.000;406499;0;0;
2960.563;100.000;128.000;10689.000;406526;0;0;
2948.387;100.000;128.000;10690.000;406553;0;0;
2949.748;100.000;128.000;10691.000;406581;0;0;
2948.573;100.000;128.000;10692.000;406608;0;0;
2947.772;100.000;128.000;10693.000;406635;0;0;
2948.173;100.000;128.000;10694.000;406663;0;0;
2940.597;100.000;128.000;10695.000;406690;0;0;
2936.787;100.000;128.000;10696.000;406718;0;0;
2937.096;100.000;128.000;10697.000;406745;0;0;
2938.645;100.000;128.000;10698.000;406772;0;0;
2935.448;100.000;128.000;10699.000;406800;0;0;
2956.446;100.000;128.000;10700.000;406828;0;0;
2955.035;100.000;128.000;10701.000;406855;0;0;
2948.269;100.000;128.000;10702.000;406883;0;0;
2945.391;100.000;128.000;10703.000;406910;0;0;
2950.676;100.000;128.000;10704.000;406938;0;0;
2954.406;100.000;128.000;10705.000;406966;0;0;
2960.163;100.000;128.000;10706.000;406993;0;0;
3000.109;100.000;128.000;10707.000;407021;0;0;
2950.892;33.187;0.000;10708.000;407049;0;0;
1817.481;10.818;0.000;10709.000;407077;0;0;
1866.215;33.700;0.000;10710.000;407104;0;0;
1891.374;42.295;0.000;10711.000;407132;0;0;
1890.698;37.851;0.000;10712.000;407160;0;0;
1912.774;31.209;0.000;10713.000;407188;0;0;
1886.514;11.697;0.000;10714.000;407216;0;0;
1873.513;13.895;0.000;10715.000;407244;0;0;
1872.788;19.023;0.000;10716.000;407272;0;0;
1863.456;16.899;0.000;10717.000;407300;0;0;
1861.702;16.020;0.000;10718.000;407328;0;0;
1859.123;17.705;0.000;10719.000;407356;0;0;
1870.938;15.409;0.000;10720.000;407384;0;0;
1864.882;15.311;0.000;10721.000;407412;0;0;
1865.935;13.065;0.000;10722.000;407441;0;0;
1865.458;12.234;0.000;10723.000;407469;0;0;
1860.003;10.159;0.000;10724.000;407497;0;0;
1850.868;6.056;0.000;10725.000;407525;0;0;
1865.733;6.764;0.000;10726.000;407553;0;0;
2929.376;6.789;0.000;10727.000;407582;0;0;
3042.845;66.935;0.000;10728.000;407610;0;0;
2998.843;100.000;128.000;10729.000;407638;0;0;
2951.966;100.000;128.000;10730.000;407667;0;0;
2962.637;100.000;128.000;10731.000;407695;0;0;
2971.468;100.000;128.000;10732.000;407724;0;0;
2975.445;100.000;128.000;10733.000;407752;0;0;
2975.855;100.000;128.000;10734.000;407780;0;0;
2965.534;100.000;128.000;10735.000;407809;0;0;
2959.127;100.000;128.000;10736.000;407837;0;0;
2958.465;100.000;128.000;10737.000;407866;0;0;
2963.920;100.000;128.000;10738.000;407894;0;0;
2962.737;100.000;128.000;10739.000;407923;0;0;
2946.286;100.000;128.000;10740.000;407951;0;0;
2954.364;100.000;128.000;10741.000;407980;0;0;
2972.728;100.000;128.000;10742.000;408009;0;0;
2956.846;100.000;128.000;10743.000;408037;0;0;
2960.001;100.000;128.000;10744.000;408066;0;0;
2958.476;100.000;128.000;10745.000;408094;0;0;
2938.425;100.000;128.000;10746.000;408123;0;0;
2948.609;100.000;128.000;10747.000;408152;0;0;
2970.643;100.000;128.000;10748.000;408181;0;0;
2972.372;100.000;128.000;10749.000;408209;0;0;
2971.260;100.000;128.000;10750.000;408238;0;0;
2963.370;100.000;128.000;10751.000;408267;0;0;
2983.698;100.000;128.000;10752.000;408296;0;0;
2987.192;100.000;128.000;10753.000;408324;0;0;
2979.488;100.000;128.000;10754.000;408353;0;0;
2981.974;100.000;128.000;10755.000;408382;0;0;
2985.735;100.000;128.000;10756.000;408411;0;0;
2722.930;7.643;0.000;10757.000;408440;0;0;
2877.387;3.321;0.000;10758.000;408469;0;0;
0.000;0.000;0.000;10759.000;408498;0;0;
1885.929;3.907;0.000;10760.000;408527;0;0;
1877.992;3.346;0.000;10761.000;408556;0;0;
1885.010;4.469;0.000;10762.000;408585;0;0;
1869.522;6.447;0.000;10763.000;408614;0;0;
1881.768;8.327;0.000;10764.000;408643;0;0;
1864.574;8.694;0.000;10765.000;408672;0;0;
1859.759;8.571;0.000;10766.000;408701;0;0;
1855.838;8.669;0.000;10767.000;408730;0;0;
1863.782;10.598;0.000;10768.000;408759;0;0;
1858.064;7.814;0.000;10769.000;408788;0;0;
1858.840;8.913;0.000;10770.000;408817;0;0;
1849.870;5.885;0.000;10771.000;408846;0;0;
1866.218;4.933;0.000;10772.000;408875;0;0;
1846.940;6.178;0.000;10773.000;408904;0;0;
1848.838;3.956;0.000;10774.000;408933;0;0;
2261.980;4.933;0.000;10775.000;408962;0;0;
3079.688;57.094;0.000;10776.000;408991;0;0;
3018.948;100.000;128.000;10777.000;409020;0;0;
2992.327;100.000;128.000;10778.000;409049;0;0;
2983.971;100.000;128.000;10779.000;409078;0;0;
2997.495;100.000;128.000;10780.000;409107;0;0;
2993.314;100.000;128.000;10781.000;409136;0;0;
2994.840;100.000;128.000;10782.000;409165;0;0;
3003.561;100.000;128.000;10783.000;409194;0;0;
3000.370;100.000;128.000;10784.000;409223;0;0;
2996.319;100.000;128.000;10785.000;409252;0;0;
2994.624;100.000;128.000;10786.000;409281;0;0;
2979.344;100.000;128.000;10787.000;409310;0;0;
2982.889;100.000;128.000;10788.000;409339;0;0;
2983.455;100.000;128.000;10789.000;409368;0;0;
2990.327;100.000;128.000;10790.000;409397;0;0;
2992.102;100.000;128.000;10791.000;409426;0;0;
3003.426;100.000;128.000;10792.000;409455;0;0;
3008.458;100.000;128.000;10793.000;409484;0;0;
2994.583;100.000;128.000;10794.000;409513;0;0;
2973.949;100.000;128.000;10795.000;409542;0;0;
2982.570;100.000;128.000;10796.000;409570;0;0;
2980.648;100.000;128.000;10797.000;409599;0;0;
2998.165;100.000;128.000;10798.000;409628;0;0;
2986.733;100.000;128.000;10799.000;409657;0;0;
2988.313;100.000;128.000;10800.000;409686;0;0;
2992.657;100.000;128.000;10801.000;409715;0;0;
3008.113;100.000;128.000;10802.000;409743;0;0;
2998.614;100.000;128.000;10803.000;409772;0;0;
2986.192;98.999;0.000;10804.000;409801;0;0;
2863.954;25.568;0.000;10805.000;409830;0;0;
2451.391;3.932;0.000;10806.000;409858;0;0;
0.000;0.000;0.000;10807.000;409887;0;0;
0.000;0.000;0.000;10808.000;409916;0;0;
0.000;0.000;0.000;10809.000;409945;0;0;
0.000;0.000;0.000;10810.000;409973;0;0;
0.000;0.000;0.000;10811.000;410002;0;0;
0.000;0.000;0.000;10812.000;410031;0;0;
0.000;0.000;0.000;10813.000;410059;0;0;
0.000;0.000;0.000;10814.000;410088;0;0;
0.000;0.000;0.000;10815.000;410117;0;0;
0.000;0.000;0.000;10816.000;410146;0;0;
0.000;0.000;0.000;10817.000;410174;0;0;
0.000;0.000;0.000;10818.000;410203;0;0;
0.000;0.000;0.000;10819.000;410231;0;0;
0.000;0.000;0.000;10820.000;410260;0;0;
0.000;0.000;0.000;10821.000;410289;0;0;
0.000;0.000;0.000;10822.000;410317;0;0;
0.000;0.000;0.000;10823.000;410346;0;0;
0.000;0.000;0.000;10824.000;410374;0;0;
0.000;0.000;0.000;10825.000;410403;0;0;
0.000;0.000;0.000;10826.000;410431;0;0;
0.000;0.000;0.000;10827.000;410460;0;0;
0.000;0.000;0.000;10828.000;410488;0;0;
0.000;0.000;0.000;10829.000;410516;0;0;
0.000;0.000;0.000;10830.000;410545;0;0;
0.000;0.000;0.000;10831.000;410573;0;0;
0.000;0.000;0.000;10832.000;410602;0;0;
0.000;0.000;0.000;10833.000;410630;0;0;
0.000;0.000;0.000;10834.000;410658;0;0;
0.000;0.000;0.000;10835.000;410687;0;0;
0.000;0.000;0.000;10836.000;410715;0;0;
0.000;0.000;0.000;10837.000;410743;0;0;
0.000;0.000;0.000;10838.000;410771;0;0;
0.000;0.000;0.000;10839.000;410799;0;0;
0.000;0.000;0.000;10840.000;410827;0;0;
0.000;0.000;0.000;10841.000;410855;0;0;
0.000;0.000;0.000;10842.000;410883;0;0;
0.000;0.000;0.000;10843.000;410911;0;0;
0.000;0.000;0.000;10844.000;410939;0;0;
0.000;0.000;0.000;10845.000;410967;0;0;
0.000;0.000;0.000;10846.000;410995;0;0;
0.000;0.000;0.000;10847.000;411023;0;0;
0.000;0.000;0.000;10848.000;411050;0;0;
0.000;0.000;0.000;10849.000;411078;0;0;
0.000;0.000;0.000;10850.000;411106;0;0;
0.000;0.000;0.000;10851.000;411133;0;0;
0.000;0.000;0.000;10852.000;411161;0;0;
0.000;0.000;0.000;10853.000;411188;0;0;
0.000;0.000;0.000;10854.000;411216;0;0;
0.000;0.000;0.000;10855.000;411243;0;0;
0.000;0.000;0.000;10856.000;411271;0;0;
0.000;0.000;0.000;10857.000;411298;0;0;
0.000;0.000;0.000;10858.000;411325;0;0;
0.000;0.000;0.000;10859.000;411352;0;0;
0.000;0.000;0.000;10860.000;411379;0;0;
0.000;0.000;0.000;10861.000;411406;0;0;
0.000;0.000;0.000;10862.000;411433;0;0;
0.000;0.000;0.000;10863.000;411460;0;0;
0.000;0.000;0.000;10864.000;411487;0;0;
0.000;0.000;0.000;10865.000;411513;0;0;
0.000;0.000;0.000;10866.000;411540;0;0;
0.000;0.000;0.000;10867.000;411567;0;0;
0.000;0.000;0.000;10868.000;411593;0;0;
0.000;0.000;0.000;10869.000;411619;0;0;
0.000;0.000;0.000;10870.000;411646;0;0;
0.000;0.000;0.000;10871.000;411672;0;0;
0.000;0.000;0.000;10872.000;411698;0;0;
0.000;0.000;0.000;10873.000;411724;0;0;
0.000;0.000;0.000;10874.000;411750;0;0;
0.000;0.000;0.000;10875.000;411776;0;0;
0.000;0.000;0.000;10876.000;411802;0;0;
0.000;0.000;0.000;10877.000;411828;0;0;
0.000;0.000;0.000;10878.000;411854;0;0;
0.000;0.000;0.000;10879.000;411879;0;0;
0.000;0.000;0.000;10880.000;411905;0;0;
0.000;0.000;0.000;10881.000;411930;0;0;
0.000;0.000;0.000;10882.000;411956;0;0;
0.000;0.000;0.000;10883.000;411981;0;0;
0.000;0.000;0.000;10884.000;412006;0;0;
0.000;0.000;0.000;10885.000;412031;0;0;
0.000;0.000;0.000;10886.000;412056;0;0;
0.000;0.000;0.000;10887.000;412081;0;0;
0.000;0.000;0.000;10888.000;412106;0;0;
0.000;0.000;0.000;10889.000;412131;0;0;
0.000;0.000;0.000;10890.000;412155;0;0;
0.000;0.000;0.000;10891.000;412180;0;0;
0.000;0.000;0.000;10892.000;412205;0;0;
0.000;0.000;0.000;10893.000;412229;0;0;
0.000;0.000;0.000;10894.000;412253;0;0;
0.000;0.000;0.000;10895.000;412277;0;0;
0.000;0.000;0.000;10896.000;412302;0;0;
0.000;0.000;0.000;10897.000;412326;0;0;
0.000;0.000;0.000;10898.000;412349;0;0;
0.000;0.000;0.000;10899.000;412373;0;0;
0.000;0.000;0.000;10900.000;412397;0;0;
0.000;0.000;0.000;10901.000;412420;0;0;
0.000;0.000;0.000;10902.000;412444;0;0;
0.000;0.000;0.000;10903.000;412467;0;0;
0.000;0.000;0.000;10904.000;412490;0;0;
0.000;0.000;0.000;10905.000;412513;0;0;
0.000;0.000;0.000;10906.000;412536;0;0;
0.000;0.000;0.000;10907.000;412560;0;0;
0.000;0.000;0.000;10908.000;412582;0;0;
0.000;0.000;0.000;10909.000;412605;0;0;
0.000;0.000;0.000;10910.000;412628;0;0;
0.000;0.000;0.000;10911.000;412650;0;0;
0.000;0.000;0.000;10912.000;412672;0;0;
0.000;0.000;0.000;10913.000;412694;0;0;
0.000;0.000;0.000;10914.000;412717;0;0;
0.000;0.000;0.000;10915.000;412738;0;0;
0.000;0.000;0.000;10916.000;412760;0;0;
0.000;0.000;0.000;10917.000;412782;0;0;
0.000;0.000;0.000;10918.000;412804;0;0;
0.000;0.000;0.000;10919.000;412825;0;0;
0.000;0.000;0.000;10920.000;412846;0;0;
0.000;0.000;0.000;10921.000;412867;0;0;
0.000;0.000;0.000;10922.000;412888;0;0;
0.000;0.000;0.000;10923.000;412909;0;0;
0.000;0.000;0.000;10924.000;412930;0;0;
0.000;0.000;0.000;10925.000;412951;0;0;
0.000;0.000;0.000;10926.000;412971;0;0;
0.000;0.000;0.000;10927.000;412992;0;0;
0.000;0.000;0.000;10928.000;413012;0;0;
0.000;0.000;0.000;10929.000;413032;0;0;
0.000;0.000;0.000;10930.000;413052;0;0;
0.000;0.000;0.000;10931.000;413072;0;0;
0.000;0.000;0.000;10932.000;413091;0;0;
0.000;0.000;0.000;10933.000;413111;0;0;
0.000;0.000;0.000;10934.000;413130;0;0;
0.000;0.000;0.000;10935.000;413149;0;0;
0.000;0.000;0.000;10936.000;413168;0;0;
0.000;0.000;0.000;10937.000;413187;0;0;
0.000;0.000;0.000;10938.000;413206;0;0;
0.000;0.000;0.000;10939.000;413224;0;0;
0.000;0.000;0.000;10940.000;413243;0;0;
0.000;0.000;0.000;10941.000;413261;0;0;
0.000;0.000;0.000;10942.000;413279;0;0;
0.000;0.000;0.000;10943.000;413297;0;0;
0.000;0.000;0.000;10944.000;413314;0;0;
0.000;0.000;0.000;10945.000;413332;0;0;
0.000;0.000;0.000;10946.000;413349;0;0;
0.000;0.000;0.000;10947.000;413366;0;0;
0.000;0.000;0.000;10948.000;413383;0;0;
0.000;0.000;0.000;10949.000;413400;0;0;
0.000;0.000;0.000;10950.000;413417;0;0;
0.000;0.000;0.000;10951.000;413433;0;0;
0.000;0.000;0.000;10952.000;413449;0;0;
0.000;0.000;0.000;10953.000;413465;0;0;
0.000;0.000;0.000;10954.000;413481;0;0;
0.000;0.000;0.000;10955.000;413497;0;0;
0.000;0.000;0.000;10956.000;413512;0;0;
0.000;0.000;0.000;10957.000;413527;0;0;
0.000;0.000;0.000;10958.000;413542;0;0;
0.000;0.000;0.000;10959.000;413557;0;0;
0.000;0.000;0.000;10960.000;413572;0;0;
0.000;0.000;0.000;10961.000;413586;0;0;
0.000;0.000;0.000;10962.000;413600;0;0;
0.000;0.000;0.000;10963.000;413614;0;0;
0.000;0.000;0.000;10964.000;413628;0;0;
0.000;0.000;0.000;10965.000;413642;0;0;
0.000;0.000;0.000;10966.000;413655;0;0;
0.000;0.000;0.000;10967.000;413668;0;0;
0.000;0.000;0.000;10968.000;413681;0;0;
0.000;0.000;0.000;10969.000;413694;0;0;
0.000;0.000;0.000;10970.000;413706;0;0;
0.000;0.000;0.000;10971.000;413719;0;0;
0.000;0.000;0.000;10972.000;413731;0;0;
0.000;0.000;0.000;10973.000;413743;0;0;
0.000;0.000;0.000;10974.000;413754;0;0;
0.000;0.000;0.000;10975.000;413766;0;0;
0.000;0.000;0.000;10976.000;413777;0;0;
0.000;0.000;0.000;10977.000;413788;0;0;
0.000;0.000;0.000;10978.000;413798;0;0;
0.000;0.000;0.000;10979.000;413809;0;0;
0.000;0.000;0.000;10980.000;413819;0;0;
0.000;0.000;0.000;10981.000;413829;0;0;
0.000;0.000;0.000;10982.000;413839;0;0;
0.000;0.000;0.000;10983.000;413849;0;0;
0.000;0.000;0.000;10984.000;413858;0;0;
0.000;0.000;0.000;10985.000;413867;0;0;
0.000;0.000;0.000;10986.000;413876;0;0;
0.000;0.000;0.000;10987.000;413885;0;0;
0.000;0.000;0.000;10988.000;413893;0;0;
0.000;0.000;0.000;10989.000;413902;0;0;
0.000;0.000;0.000;10990.000;413910;0;0;
0.000;0.000;0.000;10991.000;413918;0;0;
0.000;0.000;0.000;10992.000;413925;0;0;
0.000;0.000;0.000;10993.000;413932;0;0;
0.000;0.000;0.000;10994.000;413940;0;0;
0.000;0.000;0.000;10995.000;413947;0;0;
0.000;0.000;0.000;10996.000;413953;0;0;
0.000;0.000;0.000;10997.000;413960;0;0;
0.000;0.000;0.000;10998.000;413966;0;0;
0.000;0.000;0.000;10999.000;413972;0;0;
0.000;0.000;0.000;11000.000;413978;0;0;
0.000;0.000;0.000;11001.000;413984;0;0;
0.000;0.000;0.000;11002.000;413989;0;0;
0.000;0.000;0.000;11003.000;413994;0;0;
0.000;0.000;0.000;11004.000;413999;0;0;
0.000;0.000;0.000;11005.000;414004;0;0;
0.000;0.000;0.000;11006.000;414008;0;0;
0.000;0.000;0.000;11007.000;414012;0;0;
0.000;0.000;0.000;11008.000;414016;0;0;
0.000;0.000;0.000;11009.000;414020;0;0;
0.000;0.000;0.000;11010.000;414024;0;0;
0.000;0.000;0.000;11011.000;414027;0;0;
0.000;0.000;0.000;11012.000;414030;0;0;
0.000;0.000;0.000;11013.000;414033;0;0;
0.000;0.000;0.000;11014.000;414036;0;0;
0.000;0.000;0.000;11015.000;414038;0;0;
0.000;0.000;0.000;11016.000;414041;0;0;
0.000;0.000;0.000;11017.000;414043;0;0;
0.000;0.000;0.000;11018.000;414044;0;0;
0.000;0.000;0.000;11019.000;414046;0;0;
0.000;0.000;0.000;11020.000;414047;0;0;
0.000;0.000;0.000;11021.000;414048;0;0;
0.000;0.000;0.000;11022.000;414049;0;0;
0.000;0.000;0.000;11023.000;414050;0;0;
0.000;0.000;0.000;11024.000;414050;0;0;
0.000;0.000;0.000;11025.000;414051;0;0;
0.000;0.000;0.000;11026.000;414051;0;0;
0.000;0.000;0.000;11027.000;414050;0;0;
0.000;0.000;0.000;11028.000;414050;0;0;
0.000;0.000;0.000;11029.000;414049;0;0;
0.000;0.000;0.000;11030.000;414048;0;0;
0.000;0.000;0.000;11031.000;414047;0;0;
0.000;0.000;0.000;11032.000;414045;0;0;
0.000;0.000;0.000;11033.000;414044;0;0;
0.000;0.000;0.000;11034.000;414042;0;0;
0.000;0.000;0.000;11035.000;414039;0;0;
0.000;0.000;0.000;11036.000;414037;0;0;
0.000;0.000;0.000;11037.000;414034;0;0;
0.000;0.000;0.000;11038.000;414032;0;0;
0.000;0.000;0.000;11039.000;414028;0;0;
0.000;0.000;0.000;11040.000;414025;0;0;
0.000;0.000;0.000;11041.000;414021;0;0;
0.000;0.000;0.000;11042.000;414017;0;0;
0.000;0.000;0.000;11043.000;414013;0;0;
0.000;0.000;0.000;11044.000;414009;0;0;
0.000;0.000;0.000;11045.000;414005;0;0;
0.000;0.000;0.000;11046.000;414000;0;0;
0.000;0.000;0.000;11047.000;413995;0;0;
0.000;0.000;0.000;11048.000;413989;0;0;
0.000;0.000;0.000;11049.000;413984;0;0;
0.000;0.000;0.000;11050.000;413978;0;0;
0.000;0.000;0.000;11051.000;413972;0;0;
0.000;0.000;0.000;11052.000;413966;0;0;
0.000;0.000;0.000;11053.000;413959;0;0;
0.000;0.000;0.000;11054.000;413952;0;0;
0.000;0.000;0.000;11055.000;413945;0;0;
0.000;0.000;0.000;11056.000;413938;0;0;
0.000;0.000;0.000;11057.000;413931;0;0;
0.000;0.000;0.000;11058.000;413923;0;0;
0.000;0.000;0.000;11059.000;413915;0;0;
0.000;0.000;0.000;11060.000;413907;0;0;
0.000;0.000;0.000;11061.000;413898;0;0;
0.000;0.000;0.000;11062.000;413889;0;0;
0.000;0.000;0.000;11063.000;413881;0;0;
0.000;0.000;0.000;11064.000;413871;0;0;
0.000;0.000;0.000;11065.000;413862;0;0;
0.000;0.000;0.000;11066.000;413852;0;0;
0.000;0.000;0.000;11067.000;413843;0;0;
0.000;0.000;0.000;11068.000;413832;0;0;
0.000;0.000;0.000;11069.000;413822;0;0;
0.000;0.000;0.000;11070.000;413812;0;0;
0.000;0.000;0.000;11071.000;413801;0;0;
0.000;0.000;0.000;11072.000;413790;0;0;
0.000;0.000;0.000;11073.000;413779;0;0;
0.000;0.000;0.000;11074.000;413767;0;0;
0.000;0.000;0.000;11075.000;413755;0;0;
0.000;0.000;0.000;11076.000;413744;0;0;
0.000;0.000;0.000;11077.000;413731;0;0;
0.000;0.000;0.000;11078.000;413719;0;0;
0.000;0.000;0.000;11079.000;413707;0;0;
0.000;0.000;0.000;11080.000;413694;0;0;
0.000;0.000;0.000;11081.000;413681;0;0;
0.000;0.000;0.000;11082.000;413668;0;0;
0.000;0.000;0.000;11083.000;413654;0;0;
0.000;0.000;0.000;11084.000;413640;0;0;
0.000;0.000;0.000;11085.000;413627;0;0;
0.000;0.000;0.000;11086.000;413613;0;0;
0.000;0.000;0.000;11087.000;413598;0;0;
0.000;0.000;0.000;11088.000;413584;0;0;
0.000;0.000;0.000;11089.000;413569;0;0;
0.000;0.000;0.000;11090.000;413554;0;0;
0.000;0.000;0.000;11091.000;413539;0;0;
0.000;0.000;0.000;11092.000;413524;0;0;
0.000;0.000;0.000;11093.000;413508;0;0;
0.000;0.000;0.000;11094.000;413493;0;0;
0.000;0.000;0.000;11095.000;413477;0;0;
0.000;0.000;0.000;11096.000;413461;0;0;
0.000;0.000;0.000;11097.000;413445;0;0;
0.000;0.000;0.000;11098.000;413428;0;0;
0.000;0.000;0.000;11099.000;413412;0;0;
0.000;0.000;0.000;11100.000;413395;0;0;
0.000;0.000;0.000;11101.000;413378;0;0;
0.000;0.000;0.000;11102.000;413361;0;0;
0.000;0.000;0.000;11103.000;413343;0;0;
0.000;0.000;0.000;11104.000;413326;0;0;
0.000;0.000;0.000;11105.000;413308;0;0;
0.000;0.000;0.000;11106.000;413290;0;0;
0.000;0.000;0.000;11107.000;413272;0;0;
0.000;0.000;0.000;11108.000;413254;0;0;
0.000;0.000;0.000;11109.000;413235;0;0;
0.000;0.000;0.000;11110.000;413217;0;0;
0.000;0.000;0.000;11111.000;413198;0;0;
0.000;0.000;0.000;11112.000;413179;0;0;
0.000;0.000;0.000;11113.000;413160;0;0;
0.000;0.000;0.000;11114.000;413141;0;0;
0.000;0.000;0.000;11115.000;413122;0;0;
0.000;0.000;0.000;11116.000;413102;0;0;
0.000;0.000;0.000;11117.000;413083;0;0;
0.000;0.000;0.000;11118.000;413063;0;0;
0.000;0.000;0.000;11119.000;413043;0;0;
0.000;0.000;0.000;11120.000;413023;0;0;
0.000;0.000;0.000;11121.000;413002;0;0;
0.000;0.000;0.000;11122.000;412982;0;0;
0.000;0.000;0.000;11123.000;412961;0;0;
0.000;0.000;0.000;11124.000;412941;0;0;
0.000;0.000;0.000;11125.000;412920;0;0;
0.000;0.000;0.000;11126.000;412899;0;0;
0.000;0.000;0.000;11127.000;412878;0;0;
0.000;0.000;0.000;11128.000;412856;0;0;
0.000;0.000;0.000;11129.000;412835;0;0;
0.000;0.000;0.000;11130.000;412813;0;0;
0.000;0.000;0.000;11131.000;412792;0;0;
0.000;0.000;0.000;11132.000;412770;0;0;
0.000;0.000;0.000;11133.000;412748;0;0;
0.000;0.000;0.000;11134.000;412726;0;0;
0.000;0.000;0.000;11135.000;412704;0;0;
0.000;0.000;0.000;11136.000;412681;0;0;
0.000;0.000;0.000;11137.000;412659;0;0;
0.000;0.000;0.000;11138.000;412636;0;0;
0.000;0.000;0.000;11139.000;412613;0;0;
0.000;0.000;0.000;11140.000;412591;0;0;
0.000;0.000;0.000;11141.000;412568;0;0;
0.000;0.000;0.000;11142.000;412545;0;0;
0.000;0.000;0.000;11143.000;412521;0;0;
0.000;0.000;0.000;11144.000;412498;0;0;
0.000;0.000;0.000;11145.000;412474;0;0;
0.000;0.000;0.000;11146.000;412451;0;0;
0.000;0.000;0.000;11147.000;412427;0;0;
0.000;0.000;0.000;11148.000;412403;0;0;
0.000;0.000;0.000;11149.000;412379;0;0;
0.000;0.000;0.000;11150.000;412355;0;0;
0.000;0.000;0.000;11151.000;412331;0;0;
0.000;0.000;0.000;11152.000;412307;0;0;
0.000;0.000;0.000;11153.000;412282;0;0;
0.000;0.000;0.000;11154.000;412258;0;0;
0.000;0.000;0.000;11155.000;412233;0;0;
0.000;0.000;0.000;11156.000;412209;0;0;
0.000;0.000;0.000;11157.000;412184;0;0;
0.000;0.000;0.000;11158.000;412159;0;0;
0.000;0.000;0.000;11159.000;412134;0;0;
0.000;0.000;0.000;11160.000;412109;0;0;
0.000;0.000;0.000;11161.000;412083;0;0;
0.000;0.000;0.000;11162.000;412058;0;0;
0.000;0.000;0.000;11163.000;412033;0;0;
0.000;0.000;0.000;11164.000;412007;0;0;
0.000;0.000;0.000;11165.000;411981;0;0;
0.000;0.000;0.000;11166.000;411956;0;0;
0.000;0.000;0.000;11167.000;411930;0;0;
0.000;0.000;0.000;11168.000;411904;0;0;
0.000;0.000;0.000;11169.000;411878;0;0;
0.000;0.000;0.000;11170.000;411852;0;0;
0.000;0.000;0.000;11171.000;411826;0;0;
0.000;0.000;0.000;11172.000;411799;0;0;
0.000;0.000;0.000;11173.000;411773;0;0;
0.000;0.000;0.000;11174.000;411746;0;0;
0.000;0.000;0.000;11175.000;411720;0;0;
0.000;0.000;0.000;11176.000;411693;0;0;
0.000;0.000;0.000;11177.000;411666;0;0;
0.000;0.000;0.000;11178.000;411639;0;0;
0.000;0.000;0.000;11179.000;411612;0;0;
0.000;0.000;0.000;11180.000;411585;0;0;
0.000;0.000;0.000;11181.000;411558;0;0;
0.000;0.000;0.000;11182.000;411531;0;0;
0.000;0.000;0.000;11183.000;411504;0;0;
0.000;0.000;0.000;11184.000;411476;0;0;
0.000;0.000;0.000;11185.000;411449;0;0;
0.000;0.000;0.000;11186.000;411421;0;0;
0.000;0.000;0.000;11187.000;411393;0;0;
0.000;0.000;0.000;11188.000;411366;0;0;
0.000;0.000;0.000;11189.000;411338;0;0;
0.000;0.000;0.000;11190.000;411310;0;0;
0.000;0.000;0.000;11191.000;411282;0;0;
0.000;0.000;0.000;11192.000;411254;0;0;
0.000;0.000;0.000;11193.000;411226;0;0;
0.000;0.000;0.000;11194.000;411197;0;0;
0.000;0.000;0.000;11195.000;411169;0;0;
0.000;0.000;0.000;11196.000;411140;0;0;
0.000;0.000;0.000;11197.000;411112;0;0;
0.000;0.000;0.000;11198.000;411083;0;0;
0.000;0.000;0.000;11199.000;411054;0;0;
0.000;0.000;0.000;11200.000;411026;0;0;
0.000;0.000;0.000;11201.000;410997;0;0;
0.000;0.000;0.000;11202.000;410968;0;0;
0.000;0.000;0.000;11203.000;410939;0;0;
0.000;0.000;0.000;11204.000;410910;0;0;
0.000;0.000;0.000;11205.000;410881;0;0;
0.000;0.000;0.000;11206.000;410851;0;0;
0.000;0.000;0.000;11207.000;410822;0;0;
0.000;0.000;0.000;11208.000;410793;0;0;
0.000;0.000;0.000;11209.000;410764;0;0;
0.000;0.000;0.000;11210.000;410734;0;0;
0.000;0.000;0.000;11211.000;410705;0;0;
0.000;0.000;0.000;11212.000;410675;0;0;
0.000;0.000;0.000;11213.000;410645;0;0;
0.000;0.000;0.000;11214.000;410615;0;0;
0.000;0.000;0.000;11215.000;410586;0;0;
0.000;0.000;0.000;11216.000;410556;0;0;
0.000;0.000;0.000;11217.000;410526;0;0;
0.000;0.000;0.000;11218.000;410496;0;0;
0.000;0.000;0.000;11219.000;410466;0;0;
0.000;0.000;0.000;11220.000;410436;0;0;
0.000;0.000;0.000;11221.000;410406;0;0;
0.000;0.000;0.000;11222.000;410375;0;0;
0.000;0.000;0.000;11223.000;410345;0;0;
0.000;0.000;0.000;11224.000;410315;0;0;
0.000;0.000;0.000;11225.000;410284;0;0;
0.000;0.000;0.000;11226.000;410254;0;0;
0.000;0.000;0.000;11227.000;410223;0;0;
0.000;0.000;0.000;11228.000;410193;0;0;
0.000;0.000;0.000;11229.000;410163;0;0;
0.000;0.000;0.000;11230.000;410132;0;0;
0.000;0.000;0.000;11231.000;410101;0;0;
0.000;0.000;0.000;11232.000;410071;0;0;
0.000;0.000;0.000;11233.000;410040;0;0;
0.000;0.000;0.000;11234.000;410009;0;0;
0.000;0.000;0.000;11235.000;409978;0;0;
0.000;0.000;0.000;11236.000;409948;0;0;
0.000;0.000;0.000;11237.000;409917;0;0;
0.000;0.000;0.000;11238.000;409886;0;0;
2497.581;6.252;0.000;11239.000;409855;0;0;
2916.260;56.093;0.000;11240.000;409824;0;0;
2983.757;100.000;128.000;11241.000;409793;0;0;
3000.946;100.000;128.000;11242.000;409762;0;0;
2996.743;100.000;128.000;11243.000;409731;0;0;
2982.078;100.000;128.000;11244.000;409701;0;0;
2976.810;100.000;128.000;11245.000;409669;0;0;
2988.900;100.000;128.000;11246.000;409638;0;0;
2974.619;100.000;128.000;11247.000;409607;0;0;
2974.098;100.000;128.000;11248.000;409576;0;0;
2967.420;100.000;128.000;11249.000;409545;0;0;
2987.901;100.000;128.000;11250.000;409514;0;0;
3005.146;100.000;128.000;11251.000;409483;0;0;
3000.054;100.000;128.000;11252.000;409451;0;0;
2988.811;100.000;128.000;11253.000;409420;0;0;
2986.338;100.000;128.000;11254.000;409389;0;0;
2974.980;100.000;128.000;11255.000;409357;0;0;
2974.272;100.000;128.000;11256.000;409326;0;0;
2976.323;100.000;128.000;11257.000;409295;0;0;
2992.191;100.000;128.000;11258.000;409264;0;0;
2989.249;100.000;128.000;11259.000;409232;0;0;
3001.653;100.000;128.000;11260.000;409201;0;0;
2988.438;100.000;128.000;11261.000;409169;0;0;
2987.818;100.000;128.000;11262.000;409138;0;0;
2990.813;100.000;128.000;11263.000;409106;0;0;
2979.781;100.000;128.000;11264.000;409075;0;0;
2991.384;100.000;128.000;11265.000;409043;0;0;
3032.398;100.000;128.000;11266.000;409012;0;0;
3198.063;19.048;0.000;11267.000;408980;0;0;
2307.056;5.714;0.000;11268.000;408949;0;0;
1865.945;6.960;0.000;11269.000;408917;0;0;
1863.651;7.521;0.000;11270.000;408886;0;0;
1855.439;7.033;0.000;11271.000;408854;0;0;
1850.791;11.306;0.000;11272.000;408823;0;0;
1864.616;10.476;0.000;11273.000;408791;0;0;
1857.078;13.040;0.000;11274.000;408759;0;0;
1855.515;11.160;0.000;11275.000;408727;0;0;
1861.682;10.720;0.000;11276.000;408696;0;0;
1869.650;10.794;0.000;11277.000;408664;0;0;
1875.090;10.159;0.000;11278.000;408632;0;0;
1873.561;6.203;0.000;11279.000;408601;0;0;
1877.480;4.469;0.000;11280.000;408569;0;0;
1890.396;4.762;0.000;11281.000;408537;0;0;
1906.149;3.370;0.000;11282.000;408505;0;0;
2094.335;4.103;0.000;11283.000;408473;0;0;
2719.770;10.037;0.000;11284.000;408442;0;0;
2977.469;100.000;128.000;11285.000;408410;0;0;
2971.472;100.000;128.000;11286.000;408378;0;0;
2945.008;100.000;128.000;11287.000;408346;0;0;
2963.490;100.000;128.000;11288.000;408314;0;0;
2949.184;100.000;128.000;11289.000;408283;0;0;
2946.096;100.000;128.000;11290.000;408251;0;0;
2947.251;100.000;128.000;11291.000;408219;0;0;
2951.544;100.000;128.000;11292.000;408187;0;0;
2942.345;100.000;128.000;11293.000;408155;0;0;
2929.518;100.000;128.000;11294.000;408123;0;0;
2955.712;100.000;128.000;11295.000;408092;0;0;
2949.719;100.000;128.000;11296.000;408059;0;0;
2951.259;100.000;128.000;11297.000;408028;0;0;
2949.256;100.000;128.000;11298.000;407996;0;0;
2934.243;100.000;128.000;11299.000;407964;0;0;
2952.517;100.000;128.000;11300.000;407932;0;0;
2955.543;100.000;128.000;11301.000;407900;0;0;
2949.381;100.000;128.000;11302.000;407868;0;0;
2950.705;100.000;128.000;11303.000;407835;0;0;
2957.931;100.000;128.000;11304.000;407803;0;0;
2960.234;100.000;128.000;11305.000;407771;0;0;
2949.288;100.000;128.000;11306.000;407739;0;0;
2953.517;100.000;128.000;11307.000;407707;0;0;
2953.892;100.000;128.000;11308.000;407674;0;0;
2966.104;100.000;128.000;11309.000;407642;0;0;
3038.180;90.867;0.000;11310.000;407610;0;0;
2927.237;7.204;0.000;11311.000;407578;0;0;
1872.601;7.375;0.000;11312.000;407546;0;0;
1843.311;9.866;0.000;11313.000;407513;0;0;
1862.729;13.309;0.000;11314.000;407481;0;0;
1868.632;14.774;0.000;11315.000;407448;0;0;
1865.119;18.608;0.000;11316.000;407416;0;0;
1868.979;20.220;0.000;11317.000;407384;0;0;
1860.728;20.708;0.000;11318.000;407351;0;0;
1863.393;20.415;0.000;11319.000;407319;0;0;
1869.934;23.541;0.000;11320.000;407286;0;0;
1873.928;20.293;0.000;11321.000;407254;0;0;
1883.718;15.214;0.000;11322.000;407221;0;0;
1911.952;36.899;0.000;11323.000;407189;0;0;
1892.411;48.864;0.000;11324.000;407156;0;0;
1888.768;54.554;0.000;11325.000;407124;0;0;
1852.304;27.033;0.000;11326.000;407091;0;0;
2940.948;29.084;0.000;11327.000;407059;0;0;
3000.146;100.000;128.000;11328.000;407026;0;0;
2952.504;100.000;128.000;11329.000;406994;0;0;
2943.653;100.000;128.000;11330.000;406961;0;0;
2938.147;100.000;128.000;11331.000;406929;0;0;
2935.656;100.000;128.000;11332.000;406896;0;0;
2943.308;100.000;128.000;11333.000;406864;0;0;
2947.809;100.000;128.000;11334.000;406831;0;0;
2925.170;100.000;128.000;11335.000;406798;0;0;
2922.635;100.000;128.000;11336.000;406766;0;0;
2929.678;100.000;128.000;11337.000;406733;0;0;
2929.698;100.000;128.000;11338.000;406701;0;0;
2939.173;100.000;128.000;11339.000;406668;0;0;
2940.133;100.000;128.000;11340.000;406635;0;0;
2940.338;100.000;128.000;11341.000;406603;0;0;
2939.706;100.000;128.000;11342.000;406570;0;0;
2950.659;100.000;128.000;11343.000;406537;0;0;
2950.611;100.000;128.000;11344.000;406504;0;0;
2952.067;100.000;128.000;11345.000;406472;0;0;
2959.011;100.000;128.000;11346.000;406439;0;0;
2947.045;100.000;128.000;11347.000;406406;0;0;
2948.408;100.000;128.000;11348.000;406374;0;0;
2954.984;100.000;128.000;11349.000;406341;0;0;
2955.943;100.000;128.000;11350.000;406308;0;0;
2955.148;100.000;128.000;11351.000;406275;0;0;
3041.640;85.470;0.000;11352.000;406243;0;0;
1821.727;13.773;0.000;11353.000;406210;0;0;
1886.637;14.969;0.000;11354.000;406177;0;0;
1866.625;11.258;0.000;11355.000;406145;0;0;
1866.828;10.647;0.000;11356.000;406112;0;0;
1868.854;18.413;0.000;11357.000;406079;0;0;
1870.668;20.562;0.000;11358.000;406046;0;0;
1866.131;53.504;0.000;11359.000;406014;0;0;
1867.942;47.961;0.000;11360.000;405981;0;0;
1868.350;27.961;0.000;11361.000;405948;0;0;
1869.736;27.961;0.000;11362.000;405916;0;0;
1874.025;54.896;0.000;11363.000;405883;0;0;
1871.835;42.686;0.000;11364.000;405850;0;0;
1877.161;31.453;0.000;11365.000;405817;0;0;
1870.504;10.256;0.000;11366.000;405785;0;0;
1900.445;6.764;0.000;11367.000;405752;0;0;
2893.566;6.569;0.000;11368.000;405719;0;0;
3010.319;23.443;0.000;11369.000;405687;0;0;
2993.800;100.000;128.000;11370.000;405654;0;0;
2966.471;100.000;128.000;11371.000;405621;0;0;
2954.778;100.000;128.000;11372.000;405589;0;0;
2941.084;100.000;128.000;11373.000;405556;0;0;
2936.554;100.000;128.000;11374.000;405523;0;0;
2939.888;100.000;128.000;11375.000;405490;0;0;
2950.577;100.000;128.000;11376.000;405458;0;0;
2945.325;100.000;128.000;11377.000;405425;0;0;
2937.929;100.000;128.000;11378.000;405392;0;0;
2944.717;100.000;128.000;11379.000;405360;0;0;
2941.735;100.000;128.000;11380.000;405327;0;0;
2944.383;100.000;128.000;11381.000;405294;0;0;
2941.076;100.000;128.000;11382.000;405262;0;0;
2940.733;100.000;128.000;11383.000;405229;0;0;
2953.864;100.000;128.000;11384.000;405196;0;0;
2945.706;100.000;128.000;11385.000;405164;0;0;
2939.642;100.000;128.000;11386.000;405131;0;0;
2945.674;100.000;128.000;11387.000;405098;0;0;
2950.065;100.000;128.000;11388.000;405066;0;0;
2955.353;100.000;128.000;11389.000;405033;0;0;
2947.657;100.000;128.000;11390.000;405000;0;0;
2958.465;100.000;128.000;11391.000;404967;0;0;
2961.787;100.000;128.000;11392.000;404935;0;0;
2961.598;100.000;128.000;11393.000;404902;0;0;
2993.857;100.000;128.000;11394.000;404869;0;0;
3028.598;16.142;0.000;11395.000;404837;0;0;
1894.244;7.375;0.000;11396.000;404804;0;0;
1857.811;8.742;0.000;11397.000;404771;0;0;
1852.637;18.046;0.000;11398.000;404738;0;0;
1861.511;26.154;0.000;11399.000;404706;0;0;
1862.454;22.979;0.000;11400.000;404673;0;0;
1868.413;29.890;0.000;11401.000;404640;0;0;
1869.844;37.167;0.000;11402.000;404608;0;0;
1864.616;63.932;0.000;11403.000;404575;0;0;
1865.802;98.999;0.000;11404.000;404543;0;0;
1870.810;25.446;0.000;11405.000;404510;0;0;
1868.244;25.226;0.000;11406.000;404477;0;0;
1871.947;18.974;0.000;11407.000;404445;0;0;
1875.199;17.070;0.000;11408.000;404412;0;0;
1866.221;11.233;0.000;11409.000;404379;0;0;
1887.107;7.326;0.000;11410.000;404347;0;0;
2934.665;10.305;0.000;11411.000;404314;0;0;
3020.405;47.326;0.000;11412.000;404281;0;0;
2957.837;100.000;128.000;11413.000;404248;0;0;
2954.061;100.000;128.000;11414.000;404216;0;0;
2941.842;100.000;128.000;11415.000;404183;0;0;
2939.111;100.000;128.000;11416.000;404150;0;0;
2944.634;100.000;128.000;11417.000;404118;0;0;
2936.826;100.000;128.000;11418.000;404085;0;0;
2942.466;100.000;128.000;11419.000;404052;0;0;
2940.552;100.000;128.000;11420.000;404019;0;0;
2944.348;100.000;128.000;11421.000;403987;0;0;
2939.982;100.000;128.000;11422.000;403954;0;0;
2930.368;100.000;128.000;11423.000;403921;0;0;
2948.525;100.000;128.000;11424.000;403889;0;0;
2946.685;100.000;128.000;11425.000;403856;0;0;
2931.188;100.000;128.000;11426.000;403823;0;0;
2941.599;100.000;128.000;11427.000;403790;0;0;
2940.006;100.000;128.000;11428.000;403758;0;0;
2943.775;100.000;128.000;11429.000;403725;0;0;
2936.057;100.000;128.000;11430.000;403692;0;0;
2936.552;100.000;128.000;11431.000;403659;0;0;
2940.821;100.000;128.000;11432.000;403627;0;0;
2939.168;100.000;128.000;11433.000;403594;0;0;
2948.828;100.000;128.000;11434.000;403561;0;0;
2955.067;100.000;128.000;11435.000;403528;0;0;
3002.253;100.000;128.000;11436.000;403496;0;0;
2930.603;13.529;0.000;11437.000;403463;0;0;
1863.585;13.309;0.000;11438.000;403430;0;0;
1846.735;17.167;0.000;11439.000;403397;0;0;
1856.424;24.982;0.000;11440.000;403365;0;0;
1861.396;22.882;0.000;11441.000;403332;0;0;
1860.989;35.092;0.000;11442.000;403299;0;0;
1865.501;43.663;0.000;11443.000;403267;0;0;
1856.672;42.686;0.000;11444.000;403234;0;0;
1862.742;32.381;0.000;11445.000;403201;0;0;
1855.044;56.068;0.000;11446.000;403169;0;0;
1862.940;40.464;0.000;11447.000;403136;0;0;
1866.798;37.411;0.000;11448.000;403104;0;0;
1870.410;27.009;0.000;11449.000;403071;0;0;
1871.188;23.712;0.000;11450.000;403038;0;0;
1864.812;16.215;0.000;11451.000;403006;0;0;
1874.088;9.206;0.000;11452.000;402973;0;0;
2932.717;7.302;0.000;11453.000;402940;0;0;
3083.489;25.470;0.000;11454.000;402907;0;0;
2999.305;100.000;128.000;11455.000;402875;0;0;
2959.082;100.000;128.000;11456.000;402842;0;0;
2952.624;100.000;128.000;11457.000;402809;0;0;
2959.346;100.000;128.000;11458.000;402777;0;0;
2955.145;100.000;128.000;11459.000;402744;0;0;
2956.015;100.000;128.000;11460.000;402711;0;0;
2943.084;100.000;128.000;11461.000;402678;0;0;
2947.694;100.000;128.000;11462.000;402646;0;0;
2935.666;100.000;128.000;11463.000;402613;0;0;
2937.541;100.000;128.000;11464.000;402580;0;0;
2935.136;100.000;128.000;11465.000;402548;0;0;
2935.206;100.000;128.000;11466.000;402515;0;0;
2936.552;100.000;128.000;11467.000;402482;0;0;
2950.727;100.000;128.000;11468.000;402450;0;0;
2948.400;100.000;128.000;11469.000;402417;0;0;
2946.579;100.000;128.000;11470.000;402384;0;0;
2940.226;100.000;128.000;11471.000;402352;0;0;
2956.926;100.000;128.000;11472.000;402319;0;0;
2944.526;100.000;128.000;11473.000;402287;0;0;
2952.490;100.000;128.000;11474.000;402254;0;0;
2954.308;100.000;128.000;11475.000;402221;0;0;
2952.015;100.000;128.000;11476.000;402189;0;0;
2954.348;100.000;128.000;11477.000;402156;0;0;
3001.287;100.000;128.000;11478.000;402124;0;0;
2921.162;10.305;0.000;11479.000;402091;0;0;
2935.927;7.839;0.000;11480.000;402059;0;0;
1856.929;8.449;0.000;11481.000;402027;0;0;
1862.697;11.966;0.000;11482.000;401994;0;0;
1867.400;12.161;0.000;11483.000;401962;0;0;
1865.226;24.054;0.000;11484.000;401929;0;0;
1874.528;19.951;0.000;11485.000;401897;0;0;
1871.264;28.254;0.000;11486.000;401865;0;0;
1862.355;30.916;0.000;11487.000;401832;0;0;
1860.716;58.242;0.000;11488.000;401800;0;0;
1862.257;49.182;0.000;11489.000;401768;0;0;
1868.493;28.620;0.000;11490.000;401736;0;0;
1874.434;19.731;0.000;11491.000;401703;0;0;
1873.311;29.402;0.000;11492.000;401671;0;0;
1871.666;19.219;0.000;11493.000;401639;0;0;
1872.597;11.209;0.000;11494.000;401607;0;0;
1864.593;10.867;0.000;11495.000;401574;0;0;
2952.202;12.234;0.000;11496.000;401542;0;0;
3015.826;100.000;128.000;11497.000;401510;0;0;
2951.009;100.000;128.000;11498.000;401478;0;0;
2954.025;100.000;128.000;11499.000;401446;0;0;
2955.567;100.000;128.000;11500.000;401414;0;0;
2952.570;100.000;128.000;11501.000;401382;0;0;
2951.399;100.000;128.000;11502.000;401350;0;0;
2952.193;100.000;128.000;11503.000;401318;0;0;
2952.073;100.000;128.000;11504.000;401286;0;0;
2950.929;100.000;128.000;11505.000;401254;0;0;
2947.496;100.000;128.000;11506.000;401222;0;0;
2945.588;100.000;128.000;11507.000;401190;0;0;
2940.332;100.000;128.000;11508.000;401158;0;0;
2943.848;100.000;128.000;11509.000;401126;0;0;
2938.096;100.000;128.000;11510.000;401094;0;0;
2947.805;100.000;128.000;11511.000;401062;0;0;
2932.194;100.000;128.000;11512.000;401030;0;0;
2939.557;100.000;128.000;11513.000;400998;0;0;
2936.380;100.000;128.000;11514.000;400966;0;0;
2942.382;100.000;128.000;11515.000;400934;0;0;
2948.874;100.000;128.000;11516.000;400902;0;0;
2937.225;100.000;128.000;11517.000;400870;0;0;
2949.432;100.000;128.000;11518.000;400838;0;0;
2950.042;100.000;128.000;11519.000;400806;0;0;
2948.333;100.000;128.000;11520.000;400774;0;0;
2956.680;100.000;128.000;11521.000;400743;0;0;
3023.186;69.988;0.000;11522.000;400711;0;0;
2943.900;11.722;0.000;11523.000;400679;0;0;
1871.373;9.426;0.000;11524.000;400647;0;0;
1861.229;10.330;0.000;11525.000;400615;0;0;
1841.673;14.017;0.000;11526.000;400584;0;0;
1859.891;28.083;0.000;11527.000;400552;0;0;
1863.480;18.315;0.000;11528.000;400520;0;0;
1861.531;22.808;0.000;11529.000;400488;0;0;
1860.914;29.499;0.000;11530.000;400456;0;0;
1861.246;28.718;0.000;11531.000;400425;0;0;
1856.886;26.154;0.000;11532.000;400393;0;0;
1863.225;31.795;0.000;11533.000;400361;0;0;
1868.604;24.225;0.000;11534.000;400330;0;0;
1880.330;28.303;0.000;11535.000;400298;0;0;
1872.215;16.117;0.000;11536.000;400266;0;0;
1863.897;13.529;0.000;11537.000;400234;0;0;
1880.065;11.795;0.000;11538.000;400203;0;0;
1858.081;10.305;0.000;11539.000;400171;0;0;
3019.964;24.591;0.000;11540.000;400140;0;0;
2992.346;100.000;128.000;11541.000;400108;0;0;
2958.009;100.000;128.000;11542.000;400076;0;0;
2952.450;100.000;128.000;11543.000;400045;0;0;
2947.197;100.000;128.000;11544.000;400013;0;0;
2948.099;100.000;128.000;11545.000;399982;0;0;
2942.423;100.000;128.000;11546.000;399950;0;0;
2930.428;100.000;128.000;11547.000;399919;0;0;
2952.693;100.000;128.000;11548.000;399887;0;0;
2952.667;100.000;128.000;11549.000;399856;0;0;
2937.087;100.000;128.000;11550.000;399824;0;0;
2933.490;100.000;128.000;11551.000;399792;0;0;
2935.774;100.000;128.000;11552.000;399761;0;0;
2937.884;100.000;128.000;11553.000;399729;0;0;
2940.347;100.000;128.000;11554.000;399698;0;0;
2940.975;100.000;128.000;11555.000;399666;0;0;
2935.809;100.000;128.000;11556.000;399635;0;0;
2952.063;100.000;128.000;11557.000;399603;0;0;
2941.574;100.000;128.000;11558.000;399571;0;0;
2956.682;100.000;128.000;11559.000;399540;0;0;
2957.545;100.000;128.000;11560.000;399508;0;0;
2936.033;100.000;128.000;11561.000;399477;0;0;
2947.063;100.000;128.000;11562.000;399445;0;0;
2938.059;100.000;128.000;11563.000;399414;0;0;
2952.990;100.000;128.000;11564.000;399382;0;0;
3004.608;100.000;128.000;11565.000;399351;0;0;
2962.354;13.187;0.000;11566.000;399319;0;0;
1840.713;8.425;0.000;11567.000;399288;0;0;
1851.824;8.913;0.000;11568.000;399256;0;0;
1832.896;11.453;0.000;11569.000;399225;0;0;
1853.198;48.913;0.000;11570.000;399193;0;0;
1859.811;98.999;0.000;11571.000;399162;0;0;
1866.510;33.138;0.000;11572.000;399130;0;0;
1876.329;29.304;0.000;11573.000;399099;0;0;
1864.836;27.155;0.000;11574.000;399067;0;0;
1860.890;22.247;0.000;11575.000;399036;0;0;
1869.872;50.403;0.000;11576.000;399004;0;0;
1873.251;57.460;0.000;11577.000;398973;0;0;
1873.076;58.559;0.000;11578.000;398941;0;0;
1879.441;19.731;0.000;11579.000;398910;0;0;
1873.456;5.690;0.000;11580.000;398878;0;0;
1886.637;9.695;0.000;11581.000;398847;0;0;
1853.822;8.205;0.000;11582.000;398815;0;0;
2941.866;10.598;0.000;11583.000;398784;0;0;
3033.035;65.177;0.000;11584.000;398752;0;0;
2964.799;100.000;128.000;11585.000;398721;0;0;
2941.476;100.000;128.000;11586.000;398689;0;0;
2939.750;100.000;128.000;11587.000;398658;0;0;
2936.739;100.000;128.000;11588.000;398627;0;0;
2943.356;100.000;128.000;11589.000;398595;0;0;
2944.618;100.000;128.000;11590.000;398564;0;0;
2948.259;100.000;128.000;11591.000;398532;0;0;
2937.921;100.000;128.000;11592.000;398501;0;0;
2935.282;100.000;128.000;11593.000;398469;0;0;
2933.936;100.000;128.000;11594.000;398438;0;0;
2937.383;100.000;128.000;11595.000;398407;0;0;
2936.138;100.000;128.000;11596.000;398375;0;0;
2935.719;100.000;128.000;11597.000;398344;0;0;
2942.320;100.000;128.000;11598.000;398312;0;0;
2952.904;100.000;128.000;11599.000;398281;0;0;
2939.549;100.000;128.000;11600.000;398250;0;0;
2948.688;100.000;128.000;11601.000;398218;0;0;
2942.952;100.000;128.000;11602.000;398187;0;0;
2943.495;100.000;128.000;11603.000;398156;0;0;
2953.057;100.000;128.000;11604.000;398124;0;0;
2977.696;100.000;128.000;11605.000;398093;0;0;
2952.233;100.000;128.000;11606.000;398062;0;0;
2952.767;100.000;128.000;11607.000;398030;0;0;
2950.299;100.000;128.000;11608.000;397999;0;0;
3002.020;100.000;128.000;11609.000;397968;0;0;
3010.977;12.674;0.000;11610.000;397936;0;0;
1875.069;6.374;0.000;11611.000;397905;0;0;
1846.382;9.206;0.000;11612.000;397873;0;0;
1856.869;17.705;0.000;11613.000;397842;0;0;
1867.954;21.319;0.000;11614.000;397811;0;0;
1857.757;29.011;0.000;11615.000;397779;0;0;
1863.122;18.584;0.000;11616.000;397748;0;0;
1864.013;25.299;0.000;11617.000;397716;0;0;
1853.958;32.625;0.000;11618.000;397685;0;0;
1855.779;19.707;0.000;11619.000;397654;0;0;
1861.976;28.620;0.000;11620.000;397622;0;0;
1863.876;28.840;0.000;11621.000;397591;0;0;
1873.138;30.305;0.000;11622.000;397559;0;0;
1867.432;18.510;0.000;11623.000;397528;0;0;
1879.198;13.822;0.000;11624.000;397497;0;0;
1860.922;13.626;0.000;11625.000;397465;0;0;
1839.542;10.867;0.000;11626.000;397434;0;0;
2771.914;9.548;0.000;11627.000;397402;0;0;
3060.842;22.662;0.000;11628.000;397371;0;0;
2995.620;100.000;128.000;11629.000;397340;0;0;
2953.856;100.000;128.000;11630.000;397308;0;0;
2948.561;100.000;128.000;11631.000;397277;0;0;
2955.707;100.000;128.000;11632.000;397246;0;0;
2948.571;100.000;128.000;11633.000;397214;0;0;
2951.079;100.000;128.000;11634.000;397183;0;0;
2937.661;100.000;128.000;11635.000;397152;0;0;
2940.055;100.000;128.000;11636.000;397121;0;0;
2936.534;100.000;128.000;11637.000;397089;0;0;
2934.126;100.000;128.000;11638.000;397058;0;0;
2937.129;100.000;128.000;11639.000;397027;0;0;
2936.336;100.000;128.000;11640.000;396995;0;0;
2936.636;100.000;128.000;11641.000;396964;0;0;
2931.971;100.000;128.000;11642.000;396933;0;0;
2937.607;100.000;128.000;11643.000;396902;0;0;
2930.885;100.000;128.000;11644.000;396871;0;0;
2938.599;100.000;128.000;11645.000;396840;0;0;
2951.396;100.000;128.000;11646.000;396808;0;0;
2940.167;100.000;128.000;11647.000;396777;0;0;
2943.901;100.000;128.000;11648.000;396746;0;0;
2939.178;100.000;128.000;11649.000;396715;0;0;
2943.773;100.000;128.000;11650.000;396684;0;0;
2947.357;100.000;128.000;11651.000;396652;0;0;
2948.555;100.000;128.000;11652.000;396621;0;0;
2954.995;100.000;128.000;11653.000;396590;0;0;
2997.884;100.000;128.000;11654.000;396559;0;0;
2993.796;27.033;0.000;11655.000;396528;0;0;
2241.442;7.350;0.000;11656.000;396496;0;0;
1859.360;7.741;0.000;11657.000;396466;0;0;
1842.897;10.110;0.000;11658.000;396434;0;0;
1860.503;10.989;0.000;11659.000;396403;0;0;
1859.542;15.458;0.000;11660.000;396372;0;0;
1860.380;17.753;0.000;11661.000;396341;0;0;
1856.100;21.880;0.000;11662.000;396310;0;0;
1863.556;22.125;0.000;11663.000;396278;0;0;
1858.252;21.074;0.000;11664.000;396248;0;0;
1859.063;24.640;0.000;11665.000;396216;0;0;
1868.439;21.368;0.000;11666.000;396185;0;0;
1868.287;29.328;0.000;11667.000;396154;0;0;
1864.799;22.540;0.000;11668.000;396123;0;0;
1862.671;12.112;0.000;11669.000;396092;0;0;
1904.478;8.938;0.000;11670.000;396061;0;0;
1851.214;16.654;0.000;11671.000;396030;0;0;
2033.212;6.642;0.000;11672.000;395999;0;0;
2969.768;17.314;0.000;11673.000;395968;0;0;
3009.509;100.000;128.000;11674.000;395937;0;0;
2943.462;100.000;128.000;11675.000;395906;0;0;
2938.275;100.000;128.000;11676.000;395875;0;0;
2938.921;100.000;128.000;11677.000;395844;0;0;
2939.738;100.000;128.000;11678.000;395813;0;0;
2936.572;100.000;128.000;11679.000;395782;0;0;
2937.635;100.000;128.000;11680.000;395751;0;0;
2940.004;100.000;128.000;11681.000;395720;0;0;
2938.689;100.000;128.000;11682.000;395689;0;0;
2939.935;100.000;128.000;11683.000;395658;0;0;
2938.895;100.000;128.000;11684.000;395627;0;0;
2935.650;100.000;128.000;11685.000;395595;0;0;
2934.778;100.000;128.000;11686.000;395565;0;0;
2941.552;100.000;128.000;11687.000;395533;0;0;
2929.803;100.000;128.000;11688.000;395502;0;0;
2931.802;100.000;128.000;11689.000;395471;0;0;
2937.954;100.000;128.000;11690.000;395440;0;0;
2934.168;100.000;128.000;11691.000;395409;0;0;
2934.843;100.000;128.000;11692.000;395378;0;0;
2943.712;100.000;128.000;11693.000;395347;0;0;
2935.324;100.000;128.000;11694.000;395316;0;0;
2941.315;100.000;128.000;11695.000;395285;0;0;
2938.506;100.000;128.000;11696.000;395254;0;0;
2931.098;100.000;128.000;11697.000;395223;0;0;
2936.429;100.000;128.000;11698.000;395192;0;0;
2973.283;100.000;128.000;11699.000;395161;0;0;
3088.742;27.253;0.000;11700.000;395130;0;0;
2133.355;5.201;0.000;11701.000;395099;0;0;
1849.607;7.228;0.000;11702.000;395068;0;0;
1855.284;12.381;0.000;11703.000;395037;0;0;
1866.251;13.114;0.000;11704.000;395007;0;0;
1855.304;17.363;0.000;11705.000;394976;0;0;
1867.707;24.127;0.000;11706.000;394945;0;0;
1861.315;40.220;0.000;11707.000;394914;0;0;
1858.858;29.280;0.000;11708.000;394883;0;0;
1862.598;28.449;0.000;11709.000;394852;0;0;
1860.698;23.712;0.000;11710.000;394821;0;0;
1863.828;26.325;0.000;11711.000;394790;0;0;
1869.397;24.957;0.000;11712.000;394760;0;0;
1876.835;24.860;0.000;11713.000;394729;0;0;
1869.826;28.694;0.000;11714.000;394698;0;0;
1859.556;17.338;0.000;11715.000;394667;0;0;
1877.379;11.331;0.000;11716.000;394636;0;0;
1876.792;11.111;0.000;11717.000;394605;0;0;
3046.243;10.989;0.000;11718.000;394575;0;0;
3006.553;100.000;128.000;11719.000;394544;0;0;
2948.433;100.000;128.000;11720.000;394513;0;0;
2944.440;100.000;128.000;11721.000;394482;0;0;
2926.651;100.000;128.000;11722.000;394452;0;0;
2943.084;100.000;128.000;11723.000;394421;0;0;
2937.716;100.000;128.000;11724.000;394390;0;0;
2936.399;100.000;128.000;11725.000;394360;0;0;
2934.705;100.000;128.000;11726.000;394329;0;0;
2936.636;100.000;128.000;11727.000;394299;0;0;
2934.543;100.000;128.000;11728.000;394268;0;0;
2935.954;100.000;128.000;11729.000;394238;0;0;
2935.026;100.000;128.000;11730.000;394207;0;0;
2934.276;100.000;128.000;11731.000;394177;0;0;
2933.438;100.000;128.000;11732.000;394146;0;0;
2939.614;100.000;128.000;11733.000;394116;0;0;
2947.719;100.000;128.000;11734.000;394086;0;0;
2933.785;100.000;128.000;11735.000;394055;0;0;
2932.854;100.000;128.000;11736.000;394025;0;0;
2931.868;100.000;128.000;11737.000;393994;0;0;
2938.248;100.000;128.000;11738.000;393964;0;0;
2943.858;100.000;128.000;11739.000;393934;0;0;
2944.877;100.000;128.000;11740.000;393903;0;0;
2938.593;100.000;128.000;11741.000;393873;0;0;
2942.856;100.000;128.000;11742.000;393843;0;0;
2948.325;100.000;128.000;11743.000;393812;0;0;
3012.316;100.000;128.000;11744.000;393782;0;0;
2737.668;15.800;0.000;11745.000;393752;0;0;
1871.850;13.162;0.000;11746.000;393722;0;0;
1858.283;19.316;0.000;11747.000;393692;0;0;
1857.030;47.204;0.000;11748.000;393661;0;0;
1860.494;33.309;0.000;11749.000;393631;0;0;
1862.797;46.740;0.000;11750.000;393601;0;0;
1864.866;23.980;0.000;11751.000;393571;0;0;
1882.537;30.965;0.000;11752.000;393541;0;0;
1864.565;57.924;0.000;11753.000;393511;0;0;
1865.715;63.370;0.000;11754.000;393481;0;0;
1868.491;77.582;0.000;11755.000;393451;0;0;
1873.608;71.306;0.000;11756.000;393422;0;0;
1873.638;19.731;0.000;11757.000;393392;0;0;
1879.571;18.242;0.000;11758.000;393362;0;0;
1868.961;45.861;0.000;11759.000;393332;0;0;
1876.238;19.951;0.000;11760.000;393302;0;0;
1867.271;19.780;0.000;11761.000;393272;0;0;
1850.202;11.819;0.000;11762.000;393243;0;0;
3051.258;14.237;0.000;11763.000;393213;0;0;
3010.610;100.000;128.000;11764.000;393184;0;0;
2946.946;100.000;128.000;11765.000;393154;0;0;
2933.565;100.000;128.000;11766.000;393124;0;0;
2947.599;100.000;128.000;11767.000;393095;0;0;
2939.938;100.000;128.000;11768.000;393065;0;0;
2939.087;100.000;128.000;11769.000;393036;0;0;
2942.743;100.000;128.000;11770.000;393007;0;0;
2937.686;100.000;128.000;11771.000;392977;0;0;
2937.862;100.000;128.000;11772.000;392948;0;0;
2939.571;100.000;128.000;11773.000;392918;0;0;
2946.539;100.000;128.000;11774.000;392889;0;0;
2949.119;100.000;128.000;11775.000;392859;0;0;
2952.309;100.000;128.000;11776.000;392830;0;0;
2935.995;100.000;128.000;11777.000;392801;0;0;
2927.229;100.000;128.000;11778.000;392772;0;0;
2937.024;100.000;128.000;11779.000;392743;0;0;
2940.021;100.000;128.000;11780.000;392713;0;0;
2931.511;100.000;128.000;11781.000;392684;0;0;
2931.527;100.000;128.000;11782.000;392655;0;0;
2942.334;100.000;128.000;11783.000;392626;0;0;
2944.348;100.000;128.000;11784.000;392597;0;0;
2937.783;100.000;128.000;11785.000;392568;0;0;
2953.284;100.000;128.000;11786.000;392539;0;0;
2937.909;100.000;128.000;11787.000;392510;0;0;
2966.187;100.000;128.000;11788.000;392482;0;0;
2951.558;100.000;128.000;11789.000;392453;0;0;
2980.304;100.000;128.000;11790.000;392424;0;0;
3009.746;100.000;128.000;11791.000;392395;0;0;
2793.656;10.940;0.000;11792.000;392367;0;0;
1838.344;11.209;0.000;11793.000;392338;0;0;
1863.518;11.331;0.000;11794.000;392310;0;0;
1855.434;11.160;0.000;11795.000;392281;0;0;
1861.854;20.000;0.000;11796.000;392253;0;0;
1866.426;23.004;0.000;11797.000;392224;0;0;
1867.432;26.374;0.000;11798.000;392196;0;0;
1869.198;22.759;0.000;11799.000;392168;0;0;
1868.190;29.817;0.000;11800.000;392139;0;0;
1870.526;29.768;0.000;11801.000;392111;0;0;
1867.726;24.982;0.000;11802.000;392083;0;0;
1869.557;51.111;0.000;11803.000;392055;0;0;
1861.959;83.980;0.000;11804.000;392027;0;0;
1869.691;50.867;0.000;11805.000;391999;0;0;
1897.298;24.005;0.000;11806.000;391971;0;0;
1872.004;42.393;0.000;11807.000;391943;0;0;
1874.985;13.675;0.000;11808.000;391915;0;0;
1851.288;22.589;0.000;11809.000;391887;0;0;
1832.799;14.261;0.000;11810.000;391860;0;0;
2935.726;12.698;0.000;11811.000;391832;0;0;
3021.258;98.999;0.000;11812.000;391804;0;0;
2971.881;100.000;128.000;11813.000;391777;0;0;
2965.185;100.000;128.000;11814.000;391749;0;0;
2944.326;100.000;128.000;11815.000;391722;0;0;
2954.145;100.000;128.000;11816.000;391694;0;0;
2948.732;100.000;128.000;11817.000;391667;0;0;
2952.063;100.000;128.000;11818.000;391639;0;0;
2953.274;100.000;128.000;11819.000;391612;0;0;
2945.099;100.000;128.000;11820.000;391585;0;0;
2928.634;100.000;128.000;11821.000;391558;0;0;
2948.181;100.000;128.000;11822.000;391530;0;0;
2945.396;100.000;128.000;11823.000;391503;0;0;
2953.895;100.000;128.000;11824.000;391476;0;0;
2950.619;100.000;128.000;11825.000;391449;0;0;
2943.232;100.000;128.000;11826.000;391422;0;0;
2954.558;100.000;128.000;11827.000;391395;0;0;
2979.100;100.000;128.000;11828.000;391368;0;0;
2949.178;100.000;128.000;11829.000;391341;0;0;
2950.245;100.000;128.000;11830.000;391315;0;0;
2945.456;100.000;128.000;11831.000;391288;0;0;
2963.851;100.000;128.000;11832.000;391261;0;0;
2958.201;100.000;128.000;11833.000;391235;0;0;
2963.238;100.000;128.000;11834.000;391208;0;0;
2986.789;100.000;128.000;11835.000;391182;0;0;
2958.259;100.000;128.000;11836.000;391155;0;0;
2975.580;100.000;128.000;11837.000;391129;0;0;
2982.306;100.000;128.000;11838.000;391103;0;0;
2979.659;100.000;128.000;11839.000;391076;0;0;
2971.473;100.000;128.000;11840.000;391050;0;0;
2988.705;100.000;128.000;11841.000;391024;0;0;
2632.438;6.276;0.000;11842.000;390998;0;0;
2113.398;2.320;0.000;11843.000;390972;0;0;
0.000;0.000;0.000;11844.000;390946;0;0;
1867.570;3.565;0.000;11845.000;390920;0;0;
1880.183;3.980;0.000;11846.000;390894;0;0;
1894.291;4.737;0.000;11847.000;390869;0;0;
1878.327;6.886;0.000;11848.000;390843;0;0;
1871.379;9.353;0.000;11849.000;390817;0;0;
1877.191;9.548;0.000;11850.000;390791;0;0;
1867.219;11.844;0.000;11851.000;390766;0;0;
1860.474;12.259;0.000;11852.000;390740;0;0;
1866.565;10.574;0.000;11853.000;390715;0;0;
1869.996;9.377;0.000;11854.000;390690;0;0;
1864.719;10.842;0.000;11855.000;390664;0;0;
1860.185;9.792;0.000;11856.000;390639;0;0;
1865.199;7.057;0.000;11857.000;390614;0;0;
1879.555;8.034;0.000;11858.000;390589;0;0;
1866.801;8.962;0.000;11859.000;390564;0;0;
1858.926;6.056;0.000;11860.000;390539;0;0;
1878.170;5.836;0.000;11861.000;390514;0;0;
1868.246;7.546;0.000;11862.000;390489;0;0;
2726.312;15.140;0.000;11863.000;390465;0;0;
3262.661;16.264;0.000;11864.000;390440;0;0;
3056.681;100.000;128.000;11865.000;390416;0;0;
3011.849;100.000;128.000;11866.000;390391;0;0;
2992.771;100.000;128.000;11867.000;390367;0;0;
2994.265;100.000;128.000;11868.000;390343;0;0;
2993.379;100.000;128.000;11869.000;390319;0;0;
2998.282;100.000;128.000;11870.000;390295;0;0;
3002.171;100.000;128.000;11871.000;390271;0;0;
2993.874;100.000;128.000;11872.000;390247;0;0;
2992.188;100.000;128.000;11873.000;390223;0;0;
2993.895;100.000;128.000;11874.000;390199;0;0;
2999.114;100.000;128.000;11875.000;390176;0;0;
2992.065;100.000;128.000;11876.000;390152;0;0;
3005.021;100.000;128.000;11877.000;390129;0;0;
3011.620;100.000;128.000;11878.000;390106;0;0;
3007.093;100.000;128.000;11879.000;390082;0;0;
3009.111;100.000;128.000;11880.000;390059;0;0;
2993.458;100.000;128.000;11881.000;390036;0;0;
3010.956;100.000;128.000;11882.000;390013;0;0;
3032.091;100.000;128.000;11883.000;389990;0;0;
2998.620;100.000;128.000;11884.000;389968;0;0;
3025.322;98.999;0.000;11885.000;389945;0;0;
3027.310;100.000;128.000;11886.000;389922;0;0;
3000.019;98.999;0.000;11887.000;389900;0;0;
3025.124;91.990;0.000;11888.000;389877;0;0;
2994.907;93.626;0.000;11889.000;389855;0;0;
3005.233;70.891;0.000;11890.000;389833;0;0;
2971.863;48.938;0.000;11891.000;389811;0;0;
2997.656;36.264;0.000;11892.000;389789;0;0;
2974.818;25.226;0.000;11893.000;389767;0;0;
2982.132;23.370;0.000;11894.000;389746;0;0;
2993.942;18.413;0.000;11895.000;389724;0;0;
2993.368;19.829;0.000;11896.000;389703;0;0;
2959.411;14.652;0.000;11897.000;389681;0;0;
2903.637;8.205;0.000;11898.000;389660;0;0;
2770.185;3.687;0.000;11899.000;389639;0;0;
2592.494;2.051;0.000;11900.000;389618;0;0;
0.000;0.000;0.000;11901.000;389597;0;0;
0.000;0.000;0.000;11902.000;389576;0;0;
0.000;0.000;0.000;11903.000;389556;0;0;
0.000;0.000;0.000;11904.000;389535;0;0;
0.000;0.000;0.000;11905.000;389515;0;0;
0.000;0.000;0.000;11906.000;389495;0;0;
0.000;0.000;0.000;11907.000;389475;0;0;
0.000;0.000;0.000;11908.000;389455;0;0;
0.000;0.000;0.000;11909.000;389435;0;0;
0.000;0.000;0.000;11910.000;389415;0;0;
0.000;0.000;0.000;11911.000;389395;0;0;
0.000;0.000;0.000;11912.000;389376;0;0;
0.000;0.000;0.000;11913.000;389356;0;0;
0.000;0.000;0.000;11914.000;389337;0;0;
0.000;0.000;0.000;11915.000;389318;0;0;
0.000;0.000;0.000;11916.000;389299;0;0;
0.000;0.000;0.000;11917.000;389280;0;0;
0.000;0.000;0.000;11918.000;389261;0;0;
0.000;0.000;0.000;11919.000;389243;0;0;
0.000;0.000;0.000;11920.000;389224;0;0;
0.000;0.000;0.000;11921.000;389206;0;0;
0.000;0.000;0.000;11922.000;389187;0;0;
0.000;0.000;0.000;11923.000;389169;0;0;
0.000;0.000;0.000;11924.000;389151;0;0;
0.000;0.000;0.000;11925.000;389133;0;0;
0.000;0.000;0.000;11926.000;389115;0;0;
0.000;0.000;0.000;11927.000;389098;0;0;
0.000;0.000;0.000;11928.000;389080;0;0;
0.000;0.000;0.000;11929.000;389063;0;0;
0.000;0.000;0.000;11930.000;389046;0;0;
0.000;0.000;0.000;11931.000;389028;0;0;
0.000;0.000;0.000;11932.000;389012;0;0;
0.000;0.000;0.000;11933.000;388995;0;0;
0.000;0.000;0.000;11934.000;388978;0;0;
0.000;0.000;0.000;11935.000;388962;0;0;
0.000;0.000;0.000;11936.000;388945;0;0;
0.000;0.000;0.000;11937.000;388929;0;0;
0.000;0.000;0.000;11938.000;388913;0;0;
0.000;0.000;0.000;11939.000;388897;0;0;
0.000;0.000;0.000;11940.000;388881;0;0;
0.000;0.000;0.000;11941.000;388865;0;0;
0.000;0.000;0.000;11942.000;388850;0;0;
0.000;0.000;0.000;11943.000;388834;0;0;
0.000;0.000;0.000;11944.000;388819;0;0;
0.000;0.000;0.000;11945.000;388804;0;0;
0.000;0.000;0.000;11946.000;388789;0;0;
0.000;0.000;0.000;11947.000;388774;0;0;
0.000;0.000;0.000;11948.000;388760;0;0;
0.000;0.000;0.000;11949.000;388745;0;0;
0.000;0.000;0.000;11950.000;388731;0;0;
0.000;0.000;0.000;11951.000;388716;0;0;
0.000;0.000;0.000;11952.000;388702;0;0;
0.000;0.000;0.000;11953.000;388688;0;0;
0.000;0.000;0.000;11954.000;388674;0;0;
0.000;0.000;0.000;11955.000;388661;0;0;
0.000;0.000;0.000;11956.000;388647;0;0;
0.000;0.000;0.000;11957.000;388634;0;0;
0.000;0.000;0.000;11958.000;388621;0;0;
0.000;0.000;0.000;11959.000;388608;0;0;
0.000;0.000;0.000;11960.000;388594;0;0;
0.000;0.000;0.000;11961.000;388582;0;0;
0.000;0.000;0.000;11962.000;388569;0;0;
0.000;0.000;0.000;11963.000;388556;0;0;
0.000;0.000;0.000;11964.000;388544;0;0;
0.000;0.000;0.000;11965.000;388532;0;0;
0.000;0.000;0.000;11966.000;388520;0;0;
0.000;0.000;0.000;11967.000;388508;0;0;
0.000;0.000;0.000;11968.000;388496;0;0;
0.000;0.000;0.000;11969.000;388484;0;0;
0.000;0.000;0.000;11970.000;388473;0;0;
0.000;0.000;0.000;11971.000;388461;0;0;
0.000;0.000;0.000;11972.000;388450;0;0;
0.000;0.000;0.000;11973.000;388439;0;0;
0.000;0.000;0.000;11974.000;388428;0;0;
0.000;0.000;0.000;11975.000;388417;0;0;
0.000;0.000;0.000;11976.000;388407;0;0;
0.000;0.000;0.000;11977.000;388396;0;0;
0.000;0.000;0.000;11978.000;388386;0;0;
0.000;0.000;0.000;11979.000;388375;0;0;
0.000;0.000;0.000;11980.000;388365;0;0;
0.000;0.000;0.000;11981.000;388355;0;0;
0.000;0.000;0.000;11982.000;388346;0;0;
0.000;0.000;0.000;11983.000;388336;0;0;
0.000;0.000;0.000;11984.000;388327;0;0;
0.000;0.000;0.000;11985.000;388317;0;0;
0.000;0.000;0.000;11986.000;388308;0;0;
0.000;0.000;0.000;11987.000;388299;0;0;
0.000;0.000;0.000;11988.000;388290;0;0;
0.000;0.000;0.000;11989.000;388281;0;0;
0.000;0.000;0.000;11990.000;388273;0;0;
0.000;0.000;0.000;11991.000;388264;0;0;
0.000;0.000;0.000;11992.000;388256;0;0;
0.000;0.000;0.000;11993.000;388248;0;0;
0.000;0.000;0.000;11994.000;388240;0;0;
0.000;0.000;0.000;11995.000;388232;0;0;
0.000;0.000;0.000;11996.000;388225;0;0;
0.000;0.000;0.000;11997.000;388217;0;0;
0.000;0.000;0.000;11998.000;388209;0;0;
0.000;0.000;0.000;11999.000;388202;0;0;
0.000;0.000;0.000;12000.000;388195;0;0;
0.000;0.000;0.000;12001.000;388188;0;0;
0.000;0.000;0.000;12002.000;388181;0;0;
0.000;0.000;0.000;12003.000;388175;0;0;
0.000;0.000;0.000;12004.000;388168;0;0;
0.000;0.000;0.000;12005.000;388162;0;0;
0.000;0.000;0.000;12006.000;388155;0;0;
0.000;0.000;0.000;12007.000;388149;0;0;
0.000;0.000;0.000;12008.000;388143;0;0;
0.000;0.000;0.000;12009.000;388138;0;0;
0.000;0.000;0.000;12010.000;388132;0;0;
0.000;0.000;0.000;12011.000;388127;0;0;
0.000;0.000;0.000;12012.000;388121;0;0;
0.000;0.000;0.000;12013.000;388116;0;0;
0.000;0.000;0.000;12014.000;388111;0;0;
0.000;0.000;0.000;12015.000;388106;0;0;
0.000;0.000;0.000;12016.000;388101;0;0;
0.000;0.000;0.000;12017.000;388096;0;0;
0.000;0.000;0.000;12018.000;388092;0;0;
0.000;0.000;0.000;12019.000;388088;0;0;
0.000;0.000;0.000;12020.000;388084;0;0;
0.000;0.000;0.000;12021.000;388079;0;0;
0.000;0.000;0.000;12022.000;388075;0;0;
0.000;0.000;0.000;12023.000;388072;0;0;
0.000;0.000;0.000;12024.000;388068;0;0;
0.000;0.000;0.000;12025.000;388065;0;0;
0.000;0.000;0.000;12026.000;388061;0;0;
0.000;0.000;0.000;12027.000;388058;0;0;
0.000;0.000;0.000;12028.000;388055;0;0;
0.000;0.000;0.000;12029.000;388052;0;0;
0.000;0.000;0.000;12030.000;388049;0;0;
0.000;0.000;0.000;12031.000;388047;0;0;
0.000;0.000;0.000;12032.000;388044;0;0;
0.000;0.000;0.000;12033.000;388042;0;0;
0.000;0.000;0.000;12034.000;388040;0;0;
0.000;0.000;0.000;12035.000;388038;0;0;
0.000;0.000;0.000;12036.000;388036;0;0;
0.000;0.000;0.000;12037.000;388034;0;0;
0.000;0.000;0.000;12038.000;388032;0;0;
0.000;0.000;0.000;12039.000;388031;0;0;
0.000;0.000;0.000;12040.000;388030;0;0;
0.000;0.000;0.000;12041.000;388028;0;0;
0.000;0.000;0.000;12042.000;388027;0;0;
0.000;0.000;0.000;12043.000;388027;0;0;
0.000;0.000;0.000;12044.000;388026;0;0;
0.000;0.000;0.000;12045.000;388025;0;0;
0.000;0.000;0.000;12046.000;388025;0;0;
0.000;0.000;0.000;12047.000;388024;0;0;
0.000;0.000;0.000;12048.000;388024;0;0;
0.000;0.000;0.000;12049.000;388024;0;0;
0.000;0.000;0.000;12050.000;388024;0;0;
0.000;0.000;0.000;12051.000;388024;0;0;
0.000;0.000;0.000;12052.000;388025;0;0;
0.000;0.000;0.000;12053.000;388025;0;0;
0.000;0.000;0.000;12054.000;388026;0;0;
0.000;0.000;0.000;12055.000;388026;0;0;
0.000;0.000;0.000;12056.000;388027;0;0;
0.000;0.000;0.000;12057.000;388028;0;0;
0.000;0.000;0.000;12058.000;388030;0;0;
0.000;0.000;0.000;12059.000;388031;0;0;
0.000;0.000;0.000;12060.000;388032;0;0;
0.000;0.000;0.000;12061.000;388034;0;0;
0.000;0.000;0.000;12062.000;388036;0;0;
0.000;0.000;0.000;12063.000;388037;0;0;
0.000;0.000;0.000;12064.000;388039;0;0;
0.000;0.000;0.000;12065.000;388042;0;0;
0.000;0.000;0.000;12066.000;388044;0;0;
0.000;0.000;0.000;12067.000;388046;0;0;
0.000;0.000;0.000;12068.000;388049;0;0;
0.000;0.000;0.000;12069.000;388051;0;0;
0.000;0.000;0.000;12070.000;388054;0;0;
0.000;0.000;0.000;12071.000;388057;0;0;
0.000;0.000;0.000;12072.000;388060;0;0;
0.000;0.000;0.000;12073.000;388064;0;0;
0.000;0.000;0.000;12074.000;388067;0;0;
0.000;0.000;0.000;12075.000;388070;0;0;
0.000;0.000;0.000;12076.000;388074;0;0;
0.000;0.000;0.000;12077.000;388078;0;0;
0.000;0.000;0.000;12078.000;388081;0;0;
0.000;0.000;0.000;12079.000;388085;0;0;
0.000;0.000;0.000;12080.000;388090;0;0;
0.000;0.000;0.000;12081.000;388094;0;0;
0.000;0.000;0.000;12082.000;388098;0;0;
0.000;0.000;0.000;12083.000;388103;0;0;
0.000;0.000;0.000;12084.000;388107;0;0;
0.000;0.000;0.000;12085.000;388112;0;0;
0.000;0.000;0.000;12086.000;388117;0;0;
0.000;0.000;0.000;12087.000;388122;0;0;
0.000;0.000;0.000;12088.000;388127;0;0;
0.000;0.000;0.000;12089.000;388132;0;0;
0.000;0.000;0.000;12090.000;388138;0;0;
0.000;0.000;0.000;12091.000;388143;0;0;
0.000;0.000;0.000;12092.000;388149;0;0;
0.000;0.000;0.000;12093.000;388155;0;0;
0.000;0.000;0.000;12094.000;388161;0;0;
0.000;0.000;0.000;12095.000;388167;0;0;
0.000;0.000;0.000;12096.000;388173;0;0;
0.000;0.000;0.000;12097.000;388179;0;0;
0.000;0.000;0.000;12098.000;388186;0;0;
0.000;0.000;0.000;12099.000;388192;0;0;
0.000;0.000;0.000;12100.000;388199;0;0;
0.000;0.000;0.000;12101.000;388206;0;0;
0.000;0.000;0.000;12102.000;388212;0;0;
0.000;0.000;0.000;12103.000;388219;0;0;
0.000;0.000;0.000;12104.000;388227;0;0;
0.000;0.000;0.000;12105.000;388234;0;0;
0.000;0.000;0.000;12106.000;388241;0;0;
0.000;0.000;0.000;12107.000;388249;0;0;
0.000;0.000;0.000;12108.000;388256;0;0;
0.000;0.000;0.000;12109.000;388264;0;0;
0.000;0.000;0.000;12110.000;388272;0;0;
0.000;0.000;0.000;12111.000;388280;0;0;
0.000;0.000;0.000;12112.000;388288;0;0;
0.000;0.000;0.000;12113.000;388296;0;0;
0.000;0.000;0.000;12114.000;388305;0;0;
0.000;0.000;0.000;12115.000;388313;0;0;
0.000;0.000;0.000;12116.000;388322;0;0;
0.000;0.000;0.000;12117.000;388331;0;0;
0.000;0.000;0.000;12118.000;388339;0;0;
0.000;0.000;0.000;12119.000;388348;0;0;
0.000;0.000;0.000;12120.000;388357;0;0;
0.000;0.000;0.000;12121.000;388367;0;0;
0.000;0.000;0.000;12122.000;388376;0;0;
0.000;0.000;0.000;12123.000;388386;0;0;
0.000;0.000;0.000;12124.000;388395;0;0;
0.000;0.000;0.000;12125.000;388405;0;0;
0.000;0.000;0.000;12126.000;388414;0;0;
0.000;0.000;0.000;12127.000;388424;0;0;
0.000;0.000;0.000;12128.000;388434;0;0;
0.000;0.000;0.000;12129.000;388444;0;0;
0.000;0.000;0.000;12130.000;388455;0;0;
0.000;0.000;0.000;12131.000;388465;0;0;
0.000;0.000;0.000;12132.000;388475;0;0;
0.000;0.000;0.000;12133.000;388486;0;0;
0.000;0.000;0.000;12134.000;388496;0;0;
0.000;0.000;0.000;12135.000;388507;0;0;
0.000;0.000;0.000;12136.000;388518;0;0;
0.000;0.000;0.000;12137.000;388529;0;0;
0.000;0.000;0.000;12138.000;388540;0;0;
0.000;0.000;0.000;12139.000;388551;0;0;
0.000;0.000;0.000;12140.000;388563;0;0;
0.000;0.000;0.000;12141.000;388574;0;0;
0.000;0.000;0.000;12142.000;388586;0;0;
0.000;0.000;0.000;12143.000;388597;0;0;
0.000;0.000;0.000;12144.000;388609;0;0;
0.000;0.000;0.000;12145.000;388621;0;0;
0.000;0.000;0.000;12146.000;388633;0;0;
0.000;0.000;0.000;12147.000;388645;0;0;
0.000;0.000;0.000;12148.000;388657;0;0;
0.000;0.000;0.000;12149.000;388669;0;0;
0.000;0.000;0.000;12150.000;388681;0;0;
0.000;0.000;0.000;12151.000;388694;0;0;
0.000;0.000;0.000;12152.000;388706;0;0;
0.000;0.000;0.000;12153.000;388719;0;0;
0.000;0.000;0.000;12154.000;388731;0;0;
0.000;0.000;0.000;12155.000;388744;0;0;
0.000;0.000;0.000;12156.000;388757;0;0;
0.000;0.000;0.000;12157.000;388770;0;0;
0.000;0.000;0.000;12158.000;388783;0;0;
0.000;0.000;0.000;12159.000;388796;0;0;
0.000;0.000;0.000;12160.000;388810;0;0;
0.000;0.000;0.000;12161.000;388823;0;0;
0.000;0.000;0.000;12162.000;388836;0;0;
0.000;0.000;0.000;12163.000;388850;0;0;
0.000;0.000;0.000;12164.000;388864;0;0;
0.000;0.000;0.000;12165.000;388877;0;0;
0.000;0.000;0.000;12166.000;388891;0;0;
0.000;0.000;0.000;12167.000;388905;0;0;
0.000;0.000;0.000;12168.000;388919;0;0;
0.000;0.000;0.000;12169.000;388933;0;0;
0.000;0.000;0.000;12170.000;388947;0;0;
0.000;0.000;0.000;12171.000;388962;0;0;
0.000;0.000;0.000;12172.000;388976;0;0;
0.000;0.000;0.000;12173.000;388990;0;0;
0.000;0.000;0.000;12174.000;389005;0;0;
0.000;0.000;0.000;12175.000;389020;0;0;
0.000;0.000;0.000;12176.000;389034;0;0;
0.000;0.000;0.000;12177.000;389049;0;0;
0.000;0.000;0.000;12178.000;389064;0;0;
0.000;0.000;0.000;12179.000;389079;0;0;
0.000;0.000;0.000;12180.000;389094;0;0;
0.000;0.000;0.000;12181.000;389110;0;0;
0.000;0.000;0.000;12182.000;389125;0;0;
0.000;0.000;0.000;12183.000;389140;0;0;
0.000;0.000;0.000;12184.000;389156;0;0;
0.000;0.000;0.000;12185.000;389171;0;0;
0.000;0.000;0.000;12186.000;389187;0;0;
0.000;0.000;0.000;12187.000;389203;0;0;
0.000;0.000;0.000;12188.000;389219;0;0;
0.000;0.000;0.000;12189.000;389234;0;0;
0.000;0.000;0.000;12190.000;389250;0;0;
0.000;0.000;0.000;12191.000;389267;0;0;
0.000;0.000;0.000;12192.000;389283;0;0;
0.000;0.000;0.000;12193.000;389299;0;0;
0.000;0.000;0.000;12194.000;389315;0;0;
0.000;0.000;0.000;12195.000;389332;0;0;
0.000;0.000;0.000;12196.000;389348;0;0;
0.000;0.000;0.000;12197.000;389365;0;0;
0.000;0.000;0.000;12198.000;389381;0;0;
0.000;0.000;0.000;12199.000;389398;0;0;
0.000;0.000;0.000;12200.000;389415;0;0;
0.000;0.000;0.000;12201.000;389432;0;0;
0.000;0.000;0.000;12202.000;389449;0;0;
0.000;0.000;0.000;12203.000;389466;0;0;
0.000;0.000;0.000;12204.000;389483;0;0;
0.000;0.000;0.000;12205.000;389500;0;0;
0.000;0.000;0.000;12206.000;389518;0;0;
0.000;0.000;0.000;12207.000;389535;0;0;
0.000;0.000;0.000;12208.000;389553;0;0;
0.000;0.000;0.000;12209.000;389570;0;0;
0.000;0.000;0.000;12210.000;389588;0;0;
0.000;0.000;0.000;12211.000;389606;0;0;
2605.336;2.613;0.000;12212.000;389623;0;0;
2785.171;5.397;0.000;12213.000;389641;0;0;
2902.221;11.209;0.000;12214.000;389659;0;0;
2956.997;18.266;0.000;12215.000;389677;0;0;
2981.359;25.543;0.000;12216.000;389696;0;0;
3011.472;27.717;0.000;12217.000;389714;0;0;
2971.598;25.128;0.000;12218.000;389732;0;0;
2991.235;32.698;0.000;12219.000;389751;0;0;
2968.833;35.604;0.000;12220.000;389769;0;0;
2998.836;49.280;0.000;12221.000;389788;0;0;
2968.893;56.190;0.000;12222.000;389807;0;0;
2997.987;90.647;0.000;12223.000;389826;0;0;
2988.067;95.678;0.000;12224.000;389844;0;0;
3010.311;100.000;128.000;12225.000;389864;0;0;
3019.421;98.999;0.000;12226.000;389883;0;0;
2997.256;100.000;128.000;12227.000;389902;0;0;
3025.153;100.000;128.000;12228.000;389921;0;0;
3029.282;100.000;128.000;12229.000;389940;0;0;
2991.485;100.000;128.000;12230.000;389960;0;0;
3016.069;100.000;128.000;12231.000;389979;0;0;
3025.545;100.000;128.000;12232.000;389999;0;0;
3007.875;100.000;128.000;12233.000;390018;0;0;
2989.827;100.000;128.000;12234.000;390038;0;0;
3004.737;100.000;128.000;12235.000;390058;0;0;
3004.653;100.000;128.000;12236.000;390078;0;0;
3007.998;100.000;128.000;12237.000;390098;0;0;
2997.821;100.000;128.000;12238.000;390117;0;0;
2995.411;100.000;128.000;12239.000;390138;0;0;
2982.878;100.000;128.000;12240.000;390158;0;0;
2991.837;100.000;128.000;12241.000;390178;0;0;
2985.880;100.000;128.000;12242.000;390198;0;0;
2983.081;100.000;128.000;12243.000;390219;0;0;
2983.434;100.000;128.000;12244.000;390239;0;0;
2991.729;100.000;128.000;12245.000;390259;0;0;
2992.942;100.000;128.000;12246.000;390280;0;0;
2991.023;100.000;128.000;12247.000;390301;0;0;
2986.979;100.000;128.000;12248.000;390321;0;0;
2985.755;100.000;128.000;12249.000;390342;0;0;
2986.668;100.000;128.000;12250.000;390363;0;0;
2997.973;100.000;128.000;12251.000;390384;0;0;
3036.783;100.000;128.000;12252.000;390404;0;0;
3110.775;90.745;0.000;12253.000;390425;0;0;
3364.170;11.893;0.000;12254.000;390447;0;0;
2736.423;19.219;0.000;12255.000;390468;0;0;
1870.894;7.717;0.000;12256.000;390489;0;0;
1889.767;6.886;0.000;12257.000;390510;0;0;
1865.734;6.545;0.000;12258.000;390531;0;0;
1858.869;8.938;0.000;12259.000;390553;0;0;
1867.389;11.575;0.000;12260.000;390574;0;0;
1865.240;8.303;0.000;12261.000;390595;0;0;
1876.627;8.645;0.000;12262.000;390617;0;0;
1860.131;11.380;0.000;12263.000;390639;0;0;
1864.943;13.602;0.000;12264.000;390660;0;0;
1868.887;10.696;0.000;12265.000;390682;0;0;
1870.060;12.259;0.000;12266.000;390704;0;0;
1864.202;14.212;0.000;12267.000;390726;0;0;
1862.133;14.896;0.000;12268.000;390748;0;0;
1870.333;14.432;0.000;12269.000;390770;0;0;
1874.974;11.624;0.000;12270.000;390791;0;0;
1873.189;12.723;0.000;12271.000;390813;0;0;
1872.915;8.816;0.000;12272.000;390836;0;0;
1870.891;7.277;0.000;12273.000;390858;0;0;
1878.935;5.495;0.000;12274.000;390880;0;0;
1858.271;5.153;0.000;12275.000;390902;0;0;
1859.483;4.811;0.000;12276.000;390924;0;0;
0.000;0.000;0.000;12277.000;390947;0;0;
2078.566;2.759;0.000;12278.000;390969;0;0;
2544.153;5.934;0.000;12279.000;390991;0;0;
2959.430;44.347;0.000;12280.000;391014;0;0;
2969.774;100.000;128.000;12281.000;391036;0;0;
2944.980;100.000;128.000;12282.000;391058;0;0;
2953.373;100.000;128.000;12283.000;391081;0;0;
2953.186;100.000;128.000;12284.000;391104;0;0;
2948.710;100.000;128.000;12285.000;391126;0;0;
2938.146;100.000;128.000;12286.000;391149;0;0;
2955.566;100.000;128.000;12287.000;391172;0;0;
2952.704;100.000;128.000;12288.000;391194;0;0;
2955.635;100.000;128.000;12289.000;391217;0;0;
2945.337;100.000;128.000;12290.000;391240;0;0;
2941.287;100.000;128.000;12291.000;391263;0;0;
2936.333;100.000;128.000;12292.000;391286;0;0;
2940.732;100.000;128.000;12293.000;391309;0;0;
2938.581;100.000;128.000;12294.000;391332;0;0;
2949.990;100.000;128.000;12295.000;391355;0;0;
2953.937;100.000;128.000;12296.000;391378;0;0;
2937.229;100.000;128.000;12297.000;391401;0;0;
2941.623;100.000;128.000;12298.000;391425;0;0;
2941.437;100.000;128.000;12299.000;391448;0;0;
2945.174;100.000;128.000;12300.000;391471;0;0;
2947.277;100.000;128.000;12301.000;391494;0;0;
2939.777;100.000;128.000;12302.000;391518;0;0;
2931.503;100.000;128.000;12303.000;391541;0;0;
2931.341;100.000;128.000;12304.000;391565;0;0;
2936.229;100.000;128.000;12305.000;391588;0;0;
2943.524;100.000;128.000;12306.000;391612;0;0;
2954.939;100.000;128.000;12307.000;391635;0;0;
2940.566;100.000;128.000;12308.000;391659;0;0;
2941.094;100.000;128.000;12309.000;391683;0;0;
2944.877;100.000;128.000;12310.000;391706;0;0;
2944.106;100.000;128.000;12311.000;391730;0;0;
2947.545;100.000;128.000;12312.000;391754;0;0;
2952.688;100.000;128.000;12313.000;391777;0;0;
3015.586;100.000;128.000;12314.000;391801;0;0;
2974.158;15.116;0.000;12315.000;391825;0;0;
1827.703;11.233;0.000;12316.000;391849;0;0;
1833.799;18.877;0.000;12317.000;391873;0;0;
1864.609;26.642;0.000;12318.000;391897;0;0;
1862.586;15.751;0.000;12319.000;391921;0;0;
1872.972;54.017;0.000;12320.000;391945;0;0;
1897.766;28.571;0.000;12321.000;391969;0;0;
1869.103;46.545;0.000;12322.000;391993;0;0;
1865.809;94.212;0.000;12323.000;392018;0;0;
1867.262;97.851;0.000;12324.000;392042;0;0;
1867.488;28.400;0.000;12325.000;392067;0;0;
1868.440;37.753;0.000;12326.000;392091;0;0;
1870.646;34.945;0.000;12327.000;392115;0;0;
1872.343;37.314;0.000;12328.000;392140;0;0;
1869.848;28.181;0.000;12329.000;392164;0;0;
1865.656;28.034;0.000;12330.000;392189;0;0;
1863.221;31.917;0.000;12331.000;392214;0;0;
1862.551;28.694;0.000;12332.000;392238;0;0;
1854.188;19.316;0.000;12333.000;392263;0;0;
1866.047;11.795;0.000;12334.000;392288;0;0;
1861.952;14.994;0.000;12335.000;392313;0;0;
1837.399;15.287;0.000;12336.000;392338;0;0;
2796.324;14.139;0.000;12337.000;392363;0;0;
3022.090;59.389;0.000;12338.000;392388;0;0;
2980.458;100.000;128.000;12339.000;392413;0;0;
2943.494;100.000;128.000;12340.000;392438;0;0;
2940.109;100.000;128.000;12341.000;392464;0;0;
2941.006;100.000;128.000;12342.000;392489;0;0;
2934.445;100.000;128.000;12343.000;392514;0;0;
2951.899;100.000;128.000;12344.000;392540;0;0;
2935.170;100.000;128.000;12345.000;392565;0;0;
2934.963;100.000;128.000;12346.000;392591;0;0;
2936.273;100.000;128.000;12347.000;392616;0;0;
2924.194;100.000;128.000;12348.000;392642;0;0;
2921.907;100.000;128.000;12349.000;392668;0;0;
2922.710;100.000;128.000;12350.000;392693;0;0;
2930.806;100.000;128.000;12351.000;392719;0;0;
2927.110;100.000;128.000;12352.000;392745;0;0;
2916.604;100.000;128.000;12353.000;392771;0;0;
2930.406;100.000;128.000;12354.000;392797;0;0;
2945.042;100.000;128.000;12355.000;392823;0;0;
2951.567;100.000;128.000;12356.000;392849;0;0;
2940.289;100.000;128.000;12357.000;392875;0;0;
2939.656;100.000;128.000;12358.000;392901;0;0;
2928.579;100.000;128.000;12359.000;392928;0;0;
2937.402;100.000;128.000;12360.000;392954;0;0;
2937.751;100.000;128.000;12361.000;392980;0;0;
2936.888;100.000;128.000;12362.000;393007;0;0;
2938.397;100.000;128.000;12363.000;393033;0;0;
2936.235;100.000;128.000;12364.000;393059;0;0;
2941.268;100.000;128.000;12365.000;393086;0;0;
2934.394;100.000;128.000;12366.000;393112;0;0;
2935.932;100.000;128.000;12367.000;393139;0;0;
2948.442;100.000;128.000;12368.000;393166;0;0;
3036.357;98.999;0.000;12369.000;393192;0;0;
2932.703;17.314;0.000;12370.000;393219;0;0;
1849.804;14.969;0.000;12371.000;393246;0;0;
1867.270;22.442;0.000;12372.000;393273;0;0;
1878.372;22.540;0.000;12373.000;393300;0;0;
1867.613;49.426;0.000;12374.000;393327;0;0;
1881.986;27.424;0.000;12375.000;393354;0;0;
1872.915;19.389;0.000;12376.000;393381;0;0;
1873.066;34.237;0.000;12377.000;393408;0;0;
1870.179;98.999;0.000;12378.000;393435;0;0;
1871.918;74.383;0.000;12379.000;393462;0;0;
1861.580;76.752;0.000;12380.000;393490;0;0;
1868.415;62.711;0.000;12381.000;393517;0;0;
1879.484;33.504;0.000;12382.000;393544;0;0;
1866.770;27.839;0.000;12383.000;393572;0;0;
1864.972;54.090;0.000;12384.000;393599;0;0;
1861.376;40.757;0.000;12385.000;393627;0;0;
1862.528;59.389;0.000;12386.000;393654;0;0;
1854.418;29.841;0.000;12387.000;393682;0;0;
1865.189;16.093;0.000;12388.000;393710;0;0;
1865.566;16.923;0.000;12389.000;393737;0;0;
2867.993;17.216;0.000;12390.000;393765;0;0;
3002.737;100.000;128.000;12391.000;393793;0;0;
2938.812;100.000;128.000;12392.000;393821;0;0;
2937.962;100.000;128.000;12393.000;393849;0;0;
2930.938;100.000;128.000;12394.000;393877;0;0;
2935.787;100.000;128.000;12395.000;393905;0;0;
2933.775;100.000;128.000;12396.000;393933;0;0;
2928.073;100.000;128.000;12397.000;393961;0;0;
2919.831;100.000;128.000;12398.000;393989;0;0;
2923.151;100.000;128.000;12399.000;394017;0;0;
2926.426;100.000;128.000;12400.000;394045;0;0;
2938.533;100.000;128.000;12401.000;394073;0;0;
2937.980;100.000;128.000;12402.000;394102;0;0;
2933.673;100.000;128.000;12403.000;394130;0;0;
2933.569;100.000;128.000;12404.000;394158;0;0;
2923.346;100.000;128.000;12405.000;394187;0;0;
2924.365;100.000;128.000;12406.000;394215;0;0;
2934.112;100.000;128.000;12407.000;394243;0;0;
2934.532;100.000;128.000;12408.000;394272;0;0;
2936.267;100.000;128.000;12409.000;394300;0;0;
2933.725;100.000;128.000;12410.000;394329;0;0;
2934.644;100.000;128.000;12411.000;394357;0;0;
2938.037;100.000;128.000;12412.000;394386;0;0;
2937.935;100.000;128.000;12413.000;394415;0;0;
2928.987;100.000;128.000;12414.000;394444;0;0;
2928.896;100.000;128.000;12415.000;394472;0;0;
2949.873;100.000;128.000;12416.000;394501;0;0;
2956.902;100.000;128.000;12417.000;394530;0;0;
3036.332;97.021;0.000;12418.000;394559;0;0;
2906.596;7.692;0.000;12419.000;394588;0;0;
1887.987;12.283;0.000;12420.000;394617;0;0;
1863.988;15.140;0.000;12421.000;394646;0;0;
1852.561;20.537;0.000;12422.000;394675;0;0;
1872.523;32.039;0.000;12423.000;394704;0;0;
1876.614;27.546;0.000;12424.000;394733;0;0;
1868.798;27.399;0.000;12425.000;394763;0;0;
1865.237;28.571;0.000;12426.000;394792;0;0;
1861.792;25.592;0.000;12427.000;394821;0;0;
1862.983;29.695;0.000;12428.000;394850;0;0;
1857.273;33.162;0.000;12429.000;394880;0;0;
1858.355;44.786;0.000;12430.000;394909;0;0;
1864.018;28.205;0.000;12431.000;394938;0;0;
1862.649;22.027;0.000;12432.000;394968;0;0;
1861.358;13.895;0.000;12433.000;394997;0;0;
1859.351;14.896;0.000;12434.000;395027;0;0;
1841.603;10.501;0.000;12435.000;395056;0;0;
1906.103;6.642;0.000;12436.000;395086;0;0;
2929.870;8.669;0.000;12437.000;395116;0;0;
3018.029;100.000;128.000;12438.000;395146;0;0;
2948.785;100.000;128.000;12439.000;395175;0;0;
2923.520;100.000;128.000;12440.000;395205;0;0;
2932.397;100.000;128.000;12441.000;395235;0;0;
2939.771;100.000;128.000;12442.000;395265;0;0;
2940.245;100.000;128.000;12443.000;395295;0;0;
2933.707;100.000;128.000;12444.000;395325;0;0;
2935.153;100.000;128.000;12445.000;395355;0;0;
2934.592;100.000;128.000;12446.000;395385;0;0;
2925.496;100.000;128.000;12447.000;395415;0;0;
2928.077;100.000;128.000;12448.000;395446;0;0;
2920.122;100.000;128.000;12449.000;395476;0;0;
2930.786;100.000;128.000;12450.000;395506;0;0;
2939.750;100.000;128.000;12451.000;395537;0;0;
2924.776;100.000;128.000;12452.000;395567;0;0;
2925.220;100.000;128.000;12453.000;395597;0;0;
2928.489;100.000;128.000;12454.000;395628;0;0;
2930.214;100.000;128.000;12455.000;395658;0;0;
2928.940;100.000;128.000;12456.000;395689;0;0;
2939.544;100.000;128.000;12457.000;395720;0;0;
2926.957;100.000;128.000;12458.000;395750;0;0;
2926.362;100.000;128.000;12459.000;395781;0;0;
2938.771;100.000;128.000;12460.000;395812;0;0;
2938.169;100.000;128.000;12461.000;395843;0;0;
2938.203;100.000;128.000;12462.000;395873;0;0;
2935.441;100.000;128.000;12463.000;395904;0;0;
3003.819;100.000;128.000;12464.000;395935;0;0;
3010.047;20.879;0.000;12465.000;395966;0;0;
2098.210;6.764;0.000;12466.000;395997;0;0;
1846.061;15.604;0.000;12467.000;396028;0;0;
1906.313;10.256;0.000;12468.000;396059;0;0;
1860.655;12.234;0.000;12469.000;396090;0;0;
1866.587;23.687;0.000;12470.000;396121;0;0;
1867.443;30.842;0.000;12471.000;396153;0;0;
1862.553;24.005;0.000;12472.000;396184;0;0;
1859.008;27.619;0.000;12473.000;396215;0;0;
1856.521;23.492;0.000;12474.000;396246;0;0;
1862.208;23.370;0.000;12475.000;396278;0;0;
1856.105;23.663;0.000;12476.000;396309;0;0;
1862.102;19.976;0.000;12477.000;396341;0;0;
1854.104;16.361;0.000;12478.000;396372;0;0;
1861.925;12.161;0.000;12479.000;396404;0;0;
1843.012;12.039;0.000;12480.000;396436;0;0;
1863.274;9.035;0.000;12481.000;396467;0;0;
2277.456;9.109;0.000;12482.000;396499;0;0;
3000.579;47.570;0.000;12483.000;396531;0;0;
2990.123;100.000;128.000;12484.000;396563;0;0;
2946.810;100.000;128.000;12485.000;396595;0;0;
2947.377;100.000;128.000;12486.000;396627;0;0;
2939.530;100.000;128.000;12487.000;396658;0;0;
2934.411;100.000;128.000;12488.000;396690;0;0;
2939.392;100.000;128.000;12489.000;396722;0;0;
2932.961;100.000;128.000;12490.000;396755;0;0;
2934.728;100.000;128.000;12491.000;396787;0;0;
2941.549;100.000;128.000;12492.000;396819;0;0;
2932.292;100.000;128.000;12493.000;396851;0;0;
2935.378;100.000;128.000;12494.000;396883;0;0;
2932.817;100.000;128.000;12495.000;396915;0;0;
2934.543;100.000;128.000;12496.000;396948;0;0;
2937.221;100.000;128.000;12497.000;396980;0;0;
2937.135;100.000;128.000;12498.000;397012;0;0;
2933.615;100.000;128.000;12499.000;397045;0;0;
2935.203;100.000;128.000;12500.000;397077;0;0;
2942.055;100.000;128.000;12501.000;397110;0;0;
2937.497;100.000;128.000;12502.000;397142;0;0;
2950.122;100.000;128.000;12503.000;397174;0;0;
2948.276;100.000;128.000;12504.000;397207;0;0;
2955.735;100.000;128.000;12505.000;397240;0;0;
2948.336;100.000;128.000;12506.000;397272;0;0;
2954.578;100.000;128.000;12507.000;397305;0;0;
2992.223;100.000;128.000;12508.000;397338;0;0;
3057.960;24.396;0.000;12509.000;397371;0;0;
2739.219;9.573;0.000;12510.000;397404;0;0;
1842.258;10.891;0.000;12511.000;397436;0;0;
1869.757;15.067;0.000;12512.000;397470;0;0;
1877.403;13.480;0.000;12513.000;397503;0;0;
1869.952;20.659;0.000;12514.000;397535;0;0;
1870.723;34.432;0.000;12515.000;397568;0;0;
1860.351;27.546;0.000;12516.000;397602;0;0;
1861.737;26.960;0.000;12517.000;397634;0;0;
1855.239;29.402;0.000;12518.000;397668;0;0;
1858.211;30.134;0.000;12519.000;397700;0;0;
1860.606;21.978;0.000;12520.000;397734;0;0;
1860.190;29.499;0.000;12521.000;397767;0;0;
1861.847;22.222;0.000;12522.000;397800;0;0;
1857.506;20.904;0.000;12523.000;397833;0;0;
1851.152;11.819;0.000;12524.000;397866;0;0;
1870.842;7.668;0.000;12525.000;397899;0;0;
2987.473;12.869;0.000;12526.000;397933;0;0;
3002.323;100.000;128.000;12527.000;397966;0;0;
2951.333;100.000;128.000;12528.000;397999;0;0;
2951.162;100.000;128.000;12529.000;398032;0;0;
2942.597;100.000;128.000;12530.000;398066;0;0;
2959.220;100.000;128.000;12531.000;398099;0;0;
2946.225;100.000;128.000;12532.000;398132;0;0;
2944.949;100.000;128.000;12533.000;398165;0;0;
2937.583;100.000;128.000;12534.000;398199;0;0;
2942.393;100.000;128.000;12535.000;398232;0;0;
2938.127;100.000;128.000;12536.000;398265;0;0;
2946.954;100.000;128.000;12537.000;398299;0;0;
2936.274;100.000;128.000;12538.000;398332;0;0;
2927.699;100.000;128.000;12539.000;398366;0;0;
2938.175;100.000;128.000;12540.000;398399;0;0;
2935.630;100.000;128.000;12541.000;398433;0;0;
2935.619;100.000;128.000;12542.000;398466;0;0;
2936.625;100.000;128.000;12543.000;398500;0;0;
2949.148;100.000;128.000;12544.000;398533;0;0;
2943.703;100.000;128.000;12545.000;398567;0;0;
2941.146;100.000;128.000;12546.000;398600;0;0;
2937.880;100.000;128.000;12547.000;398634;0;0;
2936.371;100.000;128.000;12548.000;398668;0;0;
2952.125;100.000;128.000;12549.000;398701;0;0;
3004.230;100.000;128.000;12550.000;398735;0;0;
2981.456;15.629;0.000;12551.000;398769;0;0;
2459.597;6.691;0.000;12552.000;398803;0;0;
1882.920;10.379;0.000;12553.000;398836;0;0;
1866.752;5.592;0.000;12554.000;398870;0;0;
1882.551;16.557;0.000;12555.000;398904;0;0;
1872.495;52.918;0.000;12556.000;398938;0;0;
1873.511;60.635;0.000;12557.000;398972;0;0;
1871.072;50.916;0.000;12558.000;399006;0;0;
1858.968;19.731;0.000;12559.000;399040;0;0;
1868.669;34.139;0.000;12560.000;399073;0;0;
1875.779;26.203;0.000;12561.000;399107;0;0;
1867.005;71.526;0.000;12562.000;399141;0;0;
1857.201;98.999;0.000;12563.000;399175;0;0;
1849.514;27.253;0.000;12564.000;399209;0;0;
1850.066;9.133;0.000;12565.000;399243;0;0;
1851.044;9.817;0.000;12566.000;399277;0;0;
2913.276;11.062;0.000;12567.000;399311;0;0;
3007.010;100.000;128.000;12568.000;399345;0;0;
2953.300;100.000;128.000;12569.000;399379;0;0;
2938.314;100.000;128.000;12570.000;399413;0;0;
2946.770;100.000;128.000;12571.000;399447;0;0;
2936.974;100.000;128.000;12572.000;399481;0;0;
2959.244;100.000;128.000;12573.000;399515;0;0;
2945.369;100.000;128.000;12574.000;399550;0;0;
2952.359;100.000;128.000;12575.000;399584;0;0;
2949.008;100.000;128.000;12576.000;399618;0;0;
2936.582;100.000;128.000;12577.000;399652;0;0;
2941.884;100.000;128.000;12578.000;399686;0;0;
2938.985;100.000;128.000;12579.000;399720;0;0;
2937.213;100.000;128.000;12580.000;399755;0;0;
2933.491;100.000;128.000;12581.000;399789;0;0;
2944.430;100.000;128.000;12582.000;399823;0;0;
2952.934;100.000;128.000;12583.000;399857;0;0;
2951.821;100.000;128.000;12584.000;399892;0;0;
2934.732;100.000;128.000;12585.000;399926;0;0;
2949.036;100.000;128.000;12586.000;399960;0;0;
2945.514;100.000;128.000;12587.000;399995;0;0;
2947.588;100.000;128.000;12588.000;400029;0;0;
2962.534;100.000;128.000;12589.000;400063;0;0;
2970.629;100.000;128.000;12590.000;400098;0;0;
3027.053;48.181;0.000;12591.000;400132;0;0;
1898.600;8.230;0.000;12592.000;400167;0;0;
1871.574;11.233;0.000;12593.000;400201;0;0;
1866.345;13.065;0.000;12594.000;400236;0;0;
1869.192;17.314;0.000;12595.000;400270;0;0;
1877.244;26.398;0.000;12596.000;400305;0;0;
1868.365;23.834;0.000;12597.000;400339;0;0;
1861.994;29.524;0.000;12598.000;400374;0;0;
1862.114;26.032;0.000;12599.000;400409;0;0;
1860.854;29.402;0.000;12600.000;400443;0;0;
1861.936;22.784;0.000;12601.000;400478;0;0;
1867.403;18.071;0.000;12602.000;400513;0;0;
1860.722;26.813;0.000;12603.000;400548;0;0;
1843.783;16.190;0.000;12604.000;400582;0;0;
1850.846;10.574;0.000;12605.000;400617;0;0;
1872.375;9.866;0.000;12606.000;400652;0;0;
2937.968;12.772;0.000;12607.000;400687;0;0;
3010.185;100.000;128.000;12608.000;400721;0;0;
2947.267;100.000;128.000;12609.000;400756;0;0;
2948.360;100.000;128.000;12610.000;400791;0;0;
2951.544;100.000;128.000;12611.000;400826;0;0;
2937.195;100.000;128.000;12612.000;400861;0;0;
2947.513;100.000;128.000;12613.000;400896;0;0;
2943.021;100.000;128.000;12614.000;400931;0;0;
2936.530;100.000;128.000;12615.000;400966;0;0;
2938.643;100.000;128.000;12616.000;401001;0;0;
2933.498;100.000;128.000;12617.000;401036;0;0;
2948.016;100.000;128.000;12618.000;401071;0;0;
2948.194;100.000;128.000;12619.000;401106;0;0;
2941.642;100.000;128.000;12620.000;401141;0;0;
2955.380;100.000;128.000;12621.000;401176;0;0;
2946.347;100.000;128.000;12622.000;401211;0;0;
2948.887;100.000;128.000;12623.000;401246;0;0;
2961.922;100.000;128.000;12624.000;401281;0;0;
2951.448;100.000;128.000;12625.000;401316;0;0;
2960.597;100.000;128.000;12626.000;401352;0;0;
2951.485;100.000;128.000;12627.000;401387;0;0;
2956.972;100.000;128.000;12628.000;401422;0;0;
2952.389;100.000;128.000;12629.000;401457;0;0;
2984.385;100.000;128.000;12630.000;401492;0;0;
3042.797;24.274;0.000;12631.000;401527;0;0;
1880.799;7.668;0.000;12632.000;401563;0;0;
1886.680;10.427;0.000;12633.000;401598;0;0;
1866.924;16.117;0.000;12634.000;401633;0;0;
1871.738;27.057;0.000;12635.000;401668;0;0;
1871.955;17.998;0.000;12636.000;401704;0;0;
1868.341;27.350;0.000;12637.000;401739;0;0;
1858.834;51.648;0.000;12638.000;401775;0;0;
1863.336;42.613;0.000;12639.000;401810;0;0;
1860.158;28.913;0.000;12640.000;401846;0;0;
1874.847;21.587;0.000;12641.000;401881;0;0;
1871.580;23.101;0.000;12642.000;401916;0;0;
1860.717;14.335;0.000;12643.000;401952;0;0;
1858.592;11.844;0.000;12644.000;401988;0;0;
1854.769;8.425;0.000;12645.000;402023;0;0;
2936.473;7.668;0.000;12646.000;402058;0;0;
2985.078;10.916;0.000;12647.000;402094;0;0;
2992.414;100.000;128.000;12648.000;402130;0;0;
2955.852;100.000;128.000;12649.000;402165;0;0;
2951.629;100.000;128.000;12650.000;402201;0;0;
2954.691;100.000;128.000;12651.000;402237;0;0;
2945.366;100.000;128.000;12652.000;402272;0;0;
2959.180;100.000;128.000;12653.000;402308;0;0;
2941.479;100.000;128.000;12654.000;402344;0;0;
2949.964;100.000;128.000;12655.000;402380;0;0;
2948.882;100.000;128.000;12656.000;402415;0;0;
2949.025;100.000;128.000;12657.000;402451;0;0;
2937.022;100.000;128.000;12658.000;402487;0;0;
2935.753;100.000;128.000;12659.000;402523;0;0;
2937.028;100.000;128.000;12660.000;402559;0;0;
2943.527;100.000;128.000;12661.000;402595;0;0;
2953.061;100.000;128.000;12662.000;402631;0;0;
2943.725;100.000;128.000;12663.000;402667;0;0;
2959.072;100.000;128.000;12664.000;402703;0;0;
2956.428;100.000;128.000;12665.000;402739;0;0;
2966.017;100.000;128.000;12666.000;402775;0;0;
2960.934;100.000;128.000;12667.000;402811;0;0;
2967.223;100.000;128.000;12668.000;402847;0;0;
3009.790;100.000;128.000;12669.000;402883;0;0;
3021.807;10.085;0.000;12670.000;402919;0;0;
1880.438;7.814;0.000;12671.000;402955;0;0;
1871.109;10.452;0.000;12672.000;402991;0;0;
1873.327;17.485;0.000;12673.000;403027;0;0;
1874.202;25.201;0.000;12674.000;403063;0;0;
1864.633;31.306;0.000;12675.000;403099;0;0;
1862.564;36.801;0.000;12676.000;403135;0;0;
1855.129;49.744;0.000;12677.000;403171;0;0;
1861.398;29.866;0.000;12678.000;403207;0;0;
1859.823;39.023;0.000;12679.000;403243;0;0;
1864.898;40.904;0.000;12680.000;403279;0;0;
1862.543;26.667;0.000;12681.000;403315;0;0;
1857.981;22.857;0.000;12682.000;403351;0;0;
1849.917;17.582;0.000;12683.000;403387;0;0;
1863.717;12.918;0.000;12684.000;403423;0;0;
2908.509;11.868;0.000;12685.000;403460;0;0;
3002.719;100.000;128.000;12686.000;403496;0;0;
2958.224;100.000;128.000;12687.000;403532;0;0;
2948.868;100.000;128.000;12688.000;403568;0;0;
2946.862;100.000;128.000;12689.000;403605;0;0;
2939.718;100.000;128.000;12690.000;403641;0;0;
2941.103;100.000;128.000;12691.000;403677;0;0;
2941.369;100.000;128.000;12692.000;403714;0;0;
2941.009;100.000;128.000;12693.000;403750;0;0;
2947.571;100.000;128.000;12694.000;403787;0;0;
2937.272;100.000;128.000;12695.000;403823;0;0;
2946.574;100.000;128.000;12696.000;403859;0;0;
2945.989;100.000;128.000;12697.000;403896;0;0;
2938.108;100.000;128.000;12698.000;403932;0;0;
2950.608;100.000;128.000;12699.000;403969;0;0;
2942.843;100.000;128.000;12700.000;404005;0;0;
2942.901;100.000;128.000;12701.000;404042;0;0;
2948.200;100.000;128.000;12702.000;404078;0;0;
2954.009;100.000;128.000;12703.000;404115;0;0;
2949.154;100.000;128.000;12704.000;404151;0;0;
2951.313;100.000;128.000;12705.000;404188;0;0;
2952.969;100.000;128.000;12706.000;404224;0;0;
3003.442;100.000;128.000;12707.000;404261;0;0;
2917.120;12.308;0.000;12708.000;404297;0;0;
1901.349;6.178;0.000;12709.000;404334;0;0;
1857.156;8.010;0.000;12710.000;404371;0;0;
1874.549;14.652;0.000;12711.000;404407;0;0;
1871.284;16.630;0.000;12712.000;404444;0;0;
1869.070;22.002;0.000;12713.000;404481;0;0;
1871.931;41.929;0.000;12714.000;404517;0;0;
1864.646;81.197;0.000;12715.000;404554;0;0;
1868.792;36.313;0.000;12716.000;404590;0;0;
1869.842;31.746;0.000;12717.000;404627;0;0;
1864.616;23.932;0.000;12718.000;404664;0;0;
1862.059;22.515;0.000;12719.000;404700;0;0;
1853.364;17.265;0.000;12720.000;404737;0;0;
1854.932;8.352;0.000;12721.000;404774;0;0;
2945.158;8.571;0.000;12722.000;404810;0;0;
3022.279;98.999;0.000;12723.000;404847;0;0;
2958.621;100.000;128.000;12724.000;404884;0;0;
2961.007;100.000;128.000;12725.000;404921;0;0;
2975.457;100.000;128.000;12726.000;404958;0;0;
2953.813;100.000;128.000;12727.000;404994;0;0;
2954.246;100.000;128.000;12728.000;405031;0;0;
2959.342;100.000;128.000;12729.000;405068;0;0;
2947.299;100.000;128.000;12730.000;405105;0;0;
2951.082;100.000;128.000;12731.000;405141;0;0;
2955.809;100.000;128.000;12732.000;405178;0;0;
2950.702;100.000;128.000;12733.000;405215;0;0;
2940.486;100.000;128.000;12734.000;405252;0;0;
2941.688;100.000;128.000;12735.000;405288;0;0;
2946.007;100.000;128.000;12736.000;405325;0;0;
2953.121;100.000;128.000;12737.000;405362;0;0;
2947.654;100.000;128.000;12738.000;405399;0;0;
2954.366;100.000;128.000;12739.000;405435;0;0;
2955.275;100.000;128.000;12740.000;405472;0;0;
2944.854;100.000;128.000;12741.000;405509;0;0;
2947.568;100.000;128.000;12742.000;405546;0;0;
2954.947;100.000;128.000;12743.000;405582;0;0;
2975.376;100.000;128.000;12744.000;405619;0;0;
3000.765;100.000;128.000;12745.000;405656;0;0;
2946.216;13.724;0.000;12746.000;405693;0;0;
1882.616;5.739;0.000;12747.000;405729;0;0;
1873.461;6.691;0.000;12748.000;405766;0;0;
1878.018;16.435;0.000;12749.000;405803;0;0;
1877.916;32.576;0.000;12750.000;405840;0;0;
1873.499;51.184;0.000;12751.000;405876;0;0;
1865.443;25.153;0.000;12752.000;405913;0;0;
1869.678;24.982;0.000;12753.000;405950;0;0;
1867.378;43.126;0.000;12754.000;405987;0;0;
1868.779;36.557;0.000;12755.000;406023;0;0;
1870.003;18.120;0.000;12756.000;406060;0;0;
1870.408;10.037;0.000;12757.000;406097;0;0;
1872.603;9.670;0.000;12758.000;406133;0;0;
1882.413;12.308;0.000;12759.000;406170;0;0;
1823.494;12.454;0.000;12760.000;406207;0;0;
3032.456;98.999;0.000;12761.000;406244;0;0;
2958.869;100.000;128.000;12762.000;406280;0;0;
2965.772;100.000;128.000;12763.000;406317;0;0;
2958.134;100.000;128.000;12764.000;406354;0;0;
2956.182;100.000;128.000;12765.000;406391;0;0;
2961.369;100.000;128.000;12766.000;406427;0;0;
2960.624;100.000;128.000;12767.000;406464;0;0;
2959.966;100.000;128.000;12768.000;406501;0;0;
2956.512;100.000;128.000;12769.000;406537;0;0;
2949.464;100.000;128.000;12770.000;406574;0;0;
2946.382;100.000;128.000;12771.000;406611;0;0;
2950.314;100.000;128.000;12772.000;406648;0;0;
2940.019;100.000;128.000;12773.000;406684;0;0;
2937.006;100.000;128.000;12774.000;406721;0;0;
2934.775;100.000;128.000;12775.000;406758;0;0;
2935.644;100.000;128.000;12776.000;406794;0;0;
2957.593;100.000;128.000;12777.000;406831;0;0;
2952.800;100.000;128.000;12778.000;406868;0;0;
2946.528;100.000;128.000;12779.000;406905;0;0;
2951.541;100.000;128.000;12780.000;406941;0;0;
2957.846;100.000;128.000;12781.000;406978;0;0;
2993.043;100.000;128.000;12782.000;407014;0;0;
2955.615;32.430;0.000;12783.000;407051;0;0;
1846.230;19.585;0.000;12784.000;407088;0;0;
1887.570;44.371;0.000;12785.000;407125;0;0;
1893.330;40.586;0.000;12786.000;407161;0;0;
1915.542;21.734;0.000;12787.000;407198;0;0;
1881.326;13.358;0.000;12788.000;407235;0;0;
1871.174;19.170;0.000;12789.000;407271;0;0;
1864.978;16.801;0.000;12790.000;407308;0;0;
1863.080;16.606;0.000;12791.000;407345;0;0;
1867.138;16.752;0.000;12792.000;407381;0;0;
1862.265;14.994;0.000;12793.000;407418;0;0;
1862.463;12.308;0.000;12794.000;407454;0;0;
1861.360;10.354;0.000;12795.000;407491;0;0;
1843.142;6.032;0.000;12796.000;407528;0;0;
1901.899;5.519;0.000;12797.000;407565;0;0;
3058.327;26.716;0.000;12798.000;407601;0;0;
2999.573;100.000;128.000;12799.000;407638;0;0;
2952.055;100.000;128.000;12800.000;407674;0;0;
2962.186;100.000;128.000;12801.000;407711;0;0;
2972.440;100.000;128.000;12802.000;407747;0;0;
2966.322;100.000;128.000;12803.000;407784;0;0;
2962.335;100.000;128.000;12804.000;407821;0;0;
2956.468;100.000;128.000;12805.000;407857;0;0;
2963.868;100.000;128.000;12806.000;407894;0;0;
2956.637;100.000;128.000;12807.000;407930;0;0;
2942.645;100.000;128.000;12808.000;407966;0;0;
2969.368;100.000;128.000;12809.000;408003;0;0;
2954.329;100.000;128.000;12810.000;408039;0;0;
2963.938;100.000;128.000;12811.000;408076;0;0;
2948.774;100.000;128.000;12812.000;408112;0;0;
2949.499;100.000;128.000;12813.000;408149;0;0;
2970.195;100.000;128.000;12814.000;408185;0;0;
2965.046;100.000;128.000;12815.000;408221;0;0;
2962.854;100.000;128.000;12816.000;408258;0;0;
2981.381;100.000;128.000;12817.000;408294;0;0;
2984.615;100.000;128.000;12818.000;408331;0;0;
2979.248;100.000;128.000;12819.000;408367;0;0;
2983.886;100.000;128.000;12820.000;408403;0;0;
2756.394;8.791;0.000;12821.000;408440;0;0;
2023.953;2.222;0.000;12822.000;408476;0;0;
0.000;0.000;0.000;12823.000;408512;0;0;
1887.321;3.907;0.000;12824.000;408549;0;0;
1882.293;3.663;0.000;12825.000;408585;0;0;
1878.256;7.375;0.000;12826.000;408622;0;0;
1871.776;8.523;0.000;12827.000;408658;0;0;
1861.059;8.547;0.000;12828.000;408694;0;0;
1862.604;9.768;0.000;12829.000;408731;0;0;
1854.661;9.768;0.000;12830.000;408767;0;0;
1854.873;9.524;0.000;12831.000;408803;0;0;
1847.660;6.911;0.000;12832.000;408840;0;0;
1861.528;5.665;0.000;12833.000;408876;0;0;
1865.352;5.617;0.000;12834.000;408912;0;0;
2305.870;4.347;0.000;12835.000;408948;0;0;
3101.626;34.212;0.000;12836.000;408985;0;0;
3019.115;100.000;128.000;12837.000;409021;0;0;
2988.195;100.000;128.000;12838.000;409057;0;0;
2989.097;100.000;128.000;12839.000;409093;0;0;
2994.420;100.000;128.000;12840.000;409129;0;0;
2994.419;100.000;128.000;12841.000;409165;0;0;
3006.148;100.000;128.000;12842.000;409201;0;0;
2993.052;100.000;128.000;12843.000;409237;0;0;
2996.864;100.000;128.000;12844.000;409273;0;0;
2979.919;100.000;128.000;12845.000;409310;0;0;
2980.664;100.000;128.000;12846.000;409346;0;0;
2986.069;100.000;128.000;12847.000;409382;0;0;
2991.008;100.000;128.000;12848.000;409417;0;0;
3002.723;100.000;128.000;12849.000;409453;0;0;
3007.362;100.000;128.000;12850.000;409489;0;0;
2984.073;100.000;128.000;12851.000;409525;0;0;
2975.996;100.000;128.000;12852.000;409561;0;0;
2982.303;100.000;128.000;12853.000;409597;0;0;
2996.533;100.000;128.000;12854.000;409633;0;0;
2983.712;100.000;128.000;12855.000;409669;0;0;
2991.813;100.000;128.000;12856.000;409704;0;0;
3005.573;100.000;128.000;12857.000;409740;0;0;
2997.364;100.000;128.000;12858.000;409776;0;0;
2966.660;83.883;0.000;12859.000;409811;0;0;
2652.812;7.937;0.000;12860.000;409847;0;0;
0.000;0.000;0.000;12861.000;409883;0;0;
0.000;0.000;0.000;12862.000;409918;0;0;
0.000;0.000;0.000;12863.000;409954;0;0;
0.000;0.000;0.000;12864.000;409990;0;0;
0.000;0.000;0.000;12865.000;410025;0;0;
0.000;0.000;0.000;12866.000;410061;0;0;
0.000;0.000;0.000;12867.000;410096;0;0;
0.000;0.000;0.000;12868.000;410132;0;0;
0.000;0.000;0.000;12869.000;410168;0;0;
0.000;0.000;0.000;12870.000;410203;0;0;
0.000;0.000;0.000;12871.000;410238;0;0;
0.000;0.000;0.000;12872.000;410274;0;0;
0.000;0.000;0.000;12873.000;410309;0;0;
0.000;0.000;0.000;12874.000;410345;0;0;
0.000;0.000;0.000;12875.000;410380;0;0;
0.000;0.000;0.000;12876.000;410416;0;0;
0.000;0.000;0.000;12877.000;410451;0;0;
0.000;0.000;0.000;12878.000;410486;0;0;
0.000;0.000;0.000;12879.000;410521;0;0;
0.000;0.000;0.000;12880.000;410556;0;0;
0.000;0.000;0.000;12881.000;410592;0;0;
0.000;0.000;0.000;12882.000;410627;0;0;
0.000;0.000;0.000;12883.000;410662;0;0;
0.000;0.000;0.000;12884.000;410697;0;0;
0.000;0.000;0.000;12885.000;410732;0;0;
0.000;0.000;0.000;12886.000;410767;0;0;
0.000;0.000;0.000;12887.000;410802;0;0;
0.000;0.000;0.000;12888.000;410837;0;0;
0.000;0.000;0.000;12889.000;410871;0;0;
0.000;0.000;0.000;12890.000;410906;0;0;
0.000;0.000;0.000;12891.000;410941;0;0;
0.000;0.000;0.000;12892.000;410976;0;0;
0.000;0.000;0.000;12893.000;411011;0;0;
0.000;0.000;0.000;12894.000;411045;0;0;
0.000;0.000;0.000;12895.000;411080;0;0;
0.000;0.000;0.000;12896.000;411114;0;0;
0.000;0.000;0.000;12897.000;411149;0;0;
0.000;0.000;0.000;12898.000;411183;0;0;
0.000;0.000;0.000;12899.000;411218;0;0;
0.000;0.000;0.000;12900.000;411252;0;0;
0.000;0.000;0.000;12901.000;411286;0;0;
0.000;0.000;0.000;12902.000;411320;0;0;
0.000;0.000;0.000;12903.000;411355;0;0;
0.000;0.000;0.000;12904.000;411389;0;0;
0.000;0.000;0.000;12905.000;411423;0;0;
0.000;0.000;0.000;12906.000;411457;0;0;
0.000;0.000;0.000;12907.000;411491;0;0;
0.000;0.000;0.000;12908.000;411525;0;0;
0.000;0.000;0.000;12909.000;411558;0;0;
0.000;0.000;0.000;12910.000;411592;0;0;
0.000;0.000;0.000;12911.000;411626;0;0;
0.000;0.000;0.000;12912.000;411659;0;0;
0.000;0.000;0.000;12913.000;411693;0;0;
0.000;0.000;0.000;12914.000;411726;0;0;
0.000;0.000;0.000;12915.000;411760;0;0;
0.000;0.000;0.000;12916.000;411793;0;0;
0.000;0.000;0.000;12917.000;411826;0;0;
0.000;0.000;0.000;12918.000;411860;0;0;
0.000;0.000;0.000;12919.000;411893;0;0;
0.000;0.000;0.000;12920.000;411926;0;0;
0.000;0.000;0.000;12921.000;411959;0;0;
0.000;0.000;0.000;12922.000;411992;0;0;
0.000;0.000;0.000;12923.000;412025;0;0;
0.000;0.000;0.000;12924.000;412058;0;0;
0.000;0.000;0.000;12925.000;412091;0;0;
0.000;0.000;0.000;12926.000;412123;0;0;
0.000;0.000;0.000;12927.000;412156;0;0;
0.000;0.000;0.000;12928.000;412189;0;0;
0.000;0.000;0.000;12929.000;412221;0;0;
0.000;0.000;0.000;12930.000;412254;0;0;
0.000;0.000;0.000;12931.000;412286;0;0;
0.000;0.000;0.000;12932.000;412318;0;0;
0.000;0.000;0.000;12933.000;412351;0;0;
0.000;0.000;0.000;12934.000;412383;0;0;
0.000;0.000;0.000;12935.000;412415;0;0;
0.000;0.000;0.000;12936.000;412447;0;0;
0.000;0.000;0.000;12937.000;412479;0;0;
0.000;0.000;0.000;12938.000;412511;0;0;
0.000;0.000;0.000;12939.000;412542;0;0;
0.000;0.000;0.000;12940.000;412574;0;0;
0.000;0.000;0.000;12941.000;412606;0;0;
0.000;0.000;0.000;12942.000;412637;0;0;
0.000;0.000;0.000;12943.000;412669;0;0;
0.000;0.000;0.000;12944.000;412700;0;0;
0.000;0.000;0.000;12945.000;412732;0;0;
0.000;0.000;0.000;12946.000;412763;0;0;
0.000;0.000;0.000;12947.000;412794;0;0;
0.000;0.000;0.000;12948.000;412825;0;0;
0.000;0.000;0.000;12949.000;412856;0;0;
0.000;0.000;0.000;12950.000;412887;0;0;
0.000;0.000;0.000;12951.000;412918;0;0;
0.000;0.000;0.000;12952.000;412949;0;0;
0.000;0.000;0.000;12953.000;412979;0;0;
0.000;0.000;0.000;12954.000;413010;0;0;
0.000;0.000;0.000;12955.000;413040;0;0;
0.000;0.000;0.000;12956.000;413071;0;0;
0.000;0.000;0.000;12957.000;413101;0;0;
0.000;0.000;0.000;12958.000;413131;0;0;
0.000;0.000;0.000;12959.000;413161;0;0;
0.000;0.000;0.000;12960.000;413191;0;0;
0.000;0.000;0.000;12961.000;413221;0;0;
0.000;0.000;0.000;12962.000;413251;0;0;
0.000;0.000;0.000;12963.000;413281;0;0;
0.000;0.000;0.000;12964.000;413311;0;0;
0.000;0.000;0.000;12965.000;413341;0;0;
0.000;0.000;0.000;12966.000;413370;0;0;
0.000;0.000;0.000;12967.000;413400;0;0;
0.000;0.000;0.000;12968.000;413429;0;0;
0.000;0.000;0.000;12969.000;413458;0;0;
0.000;0.000;0.000;12970.000;413487;0;0;
0.000;0.000;0.000;12971.000;413516;0;0;
0.000;0.000;0.000;12972.000;413545;0;0;
0.000;0.000;0.000;12973.000;413574;0;0;
0.000;0.000;0.000;12974.000;413603;0;0;
0.000;0.000;0.000;12975.000;413632;0;0;
0.000;0.000;0.000;12976.000;413660;0;0;
0.000;0.000;0.000;12977.000;413689;0;0;
0.000;0.000;0.000;12978.000;413717;0;0;
0.000;0.000;0.000;12979.000;413745;0;0;
0.000;0.000;0.000;12980.000;413773;0;0;
0.000;0.000;0.000;12981.000;413801;0;0;
0.000;0.000;0.000;12982.000;413829;0;0;
0.000;0.000;0.000;12983.000;413857;0;0;
0.000;0.000;0.000;12984.000;413885;0;0;
0.000;0.000;0.000;12985.000;413913;0;0;
0.000;0.000;0.000;12986.000;413940;0;0;
0.000;0.000;0.000;12987.000;413968;0;0;
0.000;0.000;0.000;12988.000;413995;0;0;
0.000;0.000;0.000;12989.000;414022;0;0;
0.000;0.000;0.000;12990.000;414049;0;0;
0.000;0.000;0.000;12991.000;414076;0;0;
0.000;0.000;0.000;12992.000;414103;0;0;
0.000;0.000;0.000;12993.000;414130;0;0;
0.000;0.000;0.000;12994.000;414157;0;0;
0.000;0.000;0.000;12995.000;414183;0;0;
0.000;0.000;0.000;12996.000;414210;0;0;
0.000;0.000;0.000;12997.000;414236;0;0;
0.000;0.000;0.000;12998.000;414262;0;0;
0.000;0.000;0.000;12999.000;414289;0;0;
0.000;0.000;0.000;13000.000;414315;0;0;
0.000;0.000;0.000;13001.000;414341;0;0;
0.000;0.000;0.000;13002.000;414366;0;0;
0.000;0.000;0.000;13003.000;414392;0;0;
0.000;0.000;0.000;13004.000;414418;0;0;
0.000;0.000;0.000;13005.000;414443;0;0;
0.000;0.000;0.000;13006.000;414469;0;0;
0.000;0.000;0.000;13007.000;414494;0;0;
0.000;0.000;0.000;13008.000;414519;0;0;
0.000;0.000;0.000;13009.000;414544;0;0;
0.000;0.000;0.000;13010.000;414569;0;0;
0.000;0.000;0.000;13011.000;414593;0;0;
0.000;0.000;0.000;13012.000;414618;0;0;
0.000;0.000;0.000;13013.000;414643;0;0;
0.000;0.000;0.000;13014.000;414667;0;0;
0.000;0.000;0.000;13015.000;414691;0;0;
0.000;0.000;0.000;13016.000;414715;0;0;
0.000;0.000;0.000;13017.000;414739;0;0;
0.000;0.000;0.000;13018.000;414763;0;0;
0.000;0.000;0.000;13019.000;414787;0;0;
0.000;0.000;0.000;13020.000;414811;0;0;
0.000;0.000;0.000;13021.000;414835;0;0;
0.000;0.000;0.000;13022.000;414858;0;0;
0.000;0.000;0.000;13023.000;414882;0;0;
0.000;0.000;0.000;13024.000;414905;0;0;
0.000;0.000;0.000;13025.000;414928;0;0;
0.000;0.000;0.000;13026.000;414951;0;0;
0.000;0.000;0.000;13027.000;414974;0;0;
0.000;0.000;0.000;13028.000;414997;0;0;
0.000;0.000;0.000;13029.000;415020;0;0;
0.000;0.000;0.000;13030.000;415042;0;0;
0.000;0.000;0.000;13031.000;415065;0;0;
0.000;0.000;0.000;13032.000;415087;0;0;
0.000;0.000;0.000;13033.000;415109;0;0;
0.000;0.000;0.000;13034.000;415132;0;0;
0.000;0.000;0.000;13035.000;415154;0;0;
0.000;0.000;0.000;13036.000;415176;0;0;
0.000;0.000;0.000;13037.000;415198;0;0;
0.000;0.000;0.000;13038.000;415220;0;0;
0.000;0.000;0.000;13039.000;415241;0;0;
0.000;0.000;0.000;13040.000;415263;0;0;
0.000;0.000;0.000;13041.000;415284;0;0;
0.000;0.000;0.000;13042.000;415306;0;0;
0.000;0.000;0.000;13043.000;415327;0;0;
0.000;0.000;0.000;13044.000;415348;0;0;
0.000;0.000;0.000;13045.000;415369;0;0;
0.000;0.000;0.000;13046.000;415390;0;0;
0.000;0.000;0.000;13047.000;415411;0;0;
0.000;0.000;0.000;13048.000;415431;0;0;
0.000;0.000;0.000;13049.000;415452;0;0;
0.000;0.000;0.000;13050.000;415472;0;0;
0.000;0.000;0.000;13051.000;415493;0;0;
0.000;0.000;0.000;13052.000;415513;0;0;
0.000;0.000;0.000;13053.000;415533;0;0;
0.000;0.000;0.000;13054.000;415553;0;0;
0.000;0.000;0.000;13055.000;415573;0;0;
0.000;0.000;0.000;13056.000;415593;0;0;
0.000;0.000;0.000;13057.000;415613;0;0;
0.000;0.000;0.000;13058.000;415632;0;0;
0.000;0.000;0.000;13059.000;415652;0;0;
0.000;0.000;0.000;13060.000;415671;0;0;
0.000;0.000;0.000;13061.000;415690;0;0;
0.000;0.000;0.000;13062.000;415709;0;0;
0.000;0.000;0.000;13063.000;415728;0;0;
0.000;0.000;0.000;13064.000;415747;0;0;
0.000;0.000;0.000;13065.000;415766;0;0;
0.000;0.000;0.000;13066.000;415785;0;0;
0.000;0.000;0.000;13067.000;415803;0;0;
0.000;0.000;0.000;13068.000;415822;0;0;
0.000;0.000;0.000;13069.000;415840;0;0;
0.000;0.000;0.000;13070.000;415858;0;0;
0.000;0.000;0.000;13071.000;415876;0;0;
0.000;0.000;0.000;13072.000;415894;0;0;
0.000;0.000;0.000;13073.000;415912;0;0;
0.000;0.000;0.000;13074.000;415930;0;0;
0.000;0.000;0.000;13075.000;415948;0;0;
0.000;0.000;0.000;13076.000;415965;0;0;
0.000;0.000;0.000;13077.000;415982;0;0;
0.000;0.000;0.000;13078.000;416000;0;0;
0.000;0.000;0.000;13079.000;416017;0;0;
0.000;0.000;0.000;13080.000;416034;0;0;
0.000;0.000;0.000;13081.000;416050;0;0;
0.000;0.000;0.000;13082.000;416067;0;0;
0.000;0.000;0.000;13083.000;416084;0;0;
0.000;0.000;0.000;13084.000;416100;0;0;
0.000;0.000;0.000;13085.000;416116;0;0;
0.000;0.000;0.000;13086.000;416133;0;0;
0.000;0.000;0.000;13087.000;416149;0;0;
0.000;0.000;0.000;13088.000;416165;0;0;
0.000;0.000;0.000;13089.000;416180;0;0;
0.000;0.000;0.000;13090.000;416196;0;0;
0.000;0.000;0.000;13091.000;416211;0;0;
0.000;0.000;0.000;13092.000;416227;0;0;
0.000;0.000;0.000;13093.000;416242;0;0;
0.000;0.000;0.000;13094.000;416257;0;0;
0.000;0.000;0.000;13095.000;416272;0;0;
0.000;0.000;0.000;13096.000;416287;0;0;
0.000;0.000;0.000;13097.000;416301;0;0;
0.000;0.000;0.000;13098.000;416316;0;0;
0.000;0.000;0.000;13099.000;416330;0;0;
0.000;0.000;0.000;13100.000;416344;0;0;
0.000;0.000;0.000;13101.000;416358;0;0;
0.000;0.000;0.000;13102.000;416372;0;0;
0.000;0.000;0.000;13103.000;416386;0;0;
0.000;0.000;0.000;13104.000;416399;0;0;
0.000;0.000;0.000;13105.000;416413;0;0;
0.000;0.000;0.000;13106.000;416426;0;0;
0.000;0.000;0.000;13107.000;416439;0;0;
0.000;0.000;0.000;13108.000;416452;0;0;
0.000;0.000;0.000;13109.000;416465;0;0;
0.000;0.000;0.000;13110.000;416477;0;0;
0.000;0.000;0.000;13111.000;416490;0;0;
0.000;0.000;0.000;13112.000;416502;0;0;
0.000;0.000;0.000;13113.000;416515;0;0;
0.000;0.000;0.000;13114.000;416527;0;0;
0.000;0.000;0.000;13115.000;416539;0;0;
0.000;0.000;0.000;13116.000;416550;0;0;
0.000;0.000;0.000;13117.000;416562;0;0;
0.000;0.000;0.000;13118.000;416573;0;0;
0.000;0.000;0.000;13119.000;416585;0;0;
0.000;0.000;0.000;13120.000;416595;0;0;
0.000;0.000;0.000;13121.000;416607;0;0;
0.000;0.000;0.000;13122.000;416617;0;0;
0.000;0.000;0.000;13123.000;416628;0;0;
0.000;0.000;0.000;13124.000;416638;0;0;
0.000;0.000;0.000;13125.000;416648;0;0;
0.000;0.000;0.000;13126.000;416659;0;0;
0.000;0.000;0.000;13127.000;416669;0;0;
0.000;0.000;0.000;13128.000;416678;0;0;
0.000;0.000;0.000;13129.000;416688;0;0;
0.000;0.000;0.000;13130.000;416697;0;0;
0.000;0.000;0.000;13131.000;416707;0;0;
0.000;0.000;0.000;13132.000;416716;0;0;
0.000;0.000;0.000;13133.000;416725;0;0;
0.000;0.000;0.000;13134.000;416733;0;0;
0.000;0.000;0.000;13135.000;416742;0;0;
0.000;0.000;0.000;13136.000;416750;0;0;
0.000;0.000;0.000;13137.000;416759;0;0;
0.000;0.000;0.000;13138.000;416767;0;0;
0.000;0.000;0.000;13139.000;416775;0;0;
0.000;0.000;0.000;13140.000;416783;0;0;
0.000;0.000;0.000;13141.000;416790;0;0;
0.000;0.000;0.000;13142.000;416798;0;0;
0.000;0.000;0.000;13143.000;416805;0;0;
0.000;0.000;0.000;13144.000;416812;0;0;
0.000;0.000;0.000;13145.000;416819;0;0;
0.000;0.000;0.000;13146.000;416826;0;0;
0.000;0.000;0.000;13147.000;416833;0;0;
0.000;0.000;0.000;13148.000;416839;0;0;
0.000;0.000;0.000;13149.000;416846;0;0;
0.000;0.000;0.000;13150.000;416852;0;0;
0.000;0.000;0.000;13151.000;416858;0;0;
0.000;0.000;0.000;13152.000;416864;0;0;
0.000;0.000;0.000;13153.000;416870;0;0;
0.000;0.000;0.000;13154.000;416875;0;0;
0.000;0.000;0.000;13155.000;416881;0;0;
0.000;0.000;0.000;13156.000;416886;0;0;
0.000;0.000;0.000;13157.000;416891;0;0;
0.000;0.000;0.000;13158.000;416896;0;0;
0.000;0.000;0.000;13159.000;416901;0;0;
0.000;0.000;0.000;13160.000;416905;0;0;
0.000;0.000;0.000;13161.000;416910;0;0;
0.000;0.000;0.000;13162.000;416914;0;0;
0.000;0.000;0.000;13163.000;416918;0;0;
0.000;0.000;0.000;13164.000;416922;0;0;
0.000;0.000;0.000;13165.000;416926;0;0;
0.000;0.000;0.000;13166.000;416930;0;0;
0.000;0.000;0.000;13167.000;416933;0;0;
0.000;0.000;0.000;13168.000;416937;0;0;
0.000;0.000;0.000;13169.000;416940;0;0;
0.000;0.000;0.000;13170.000;416943;0;0;
0.000;0.000;0.000;13171.000;416946;0;0;
0.000;0.000;0.000;13172.000;416949;0;0;
0.000;0.000;0.000;13173.000;416951;0;0;
0.000;0.000;0.000;13174.000;416954;0;0;
0.000;0.000;0.000;13175.000;416956;0;0;
0.000;0.000;0.000;13176.000;416958;0;0;
0.000;0.000;0.000;13177.000;416960;0;0;
0.000;0.000;0.000;13178.000;416962;0;0;
0.000;0.000;0.000;13179.000;416964;0;0;
0.000;0.000;0.000;13180.000;416965;0;0;
0.000;0.000;0.000;13181.000;416967;0;0;
0.000;0.000;0.000;13182.000;416968;0;0;
0.000;0.000;0.000;13183.000;416969;0;0;
0.000;0.000;0.000;13184.000;416970;0;0;
0.000;0.000;0.000;13185.000;416971;0;0;
0.000;0.000;0.000;13186.000;416971;0;0;
0.000;0.000;0.000;13187.000;416972;0;0;
0.000;0.000;0.000;13188.000;416972;0;0;
0.000;0.000;0.000;13189.000;416973;0;0;
0.000;0.000;0.000;13190.000;416973;0;0;
0.000;0.000;0.000;13191.000;416973;0;0;
0.000;0.000;0.000;13192.000;416972;0;0;
0.000;0.000;0.000;13193.000;416972;0;0;
0.000;0.000;0.000;13194.000;416971;0;0;
0.000;0.000;0.000;13195.000;416971;0;0;
0.000;0.000;0.000;13196.000;416970;0;0;
0.000;0.000;0.000;13197.000;416969;0;0;
0.000;0.000;0.000;13198.000;416968;0;0;
0.000;0.000;0.000;13199.000;416967;0;0;
0.000;0.000;0.000;13200.000;416965;0;0;
0.000;0.000;0.000;13201.000;416964;0;0;
0.000;0.000;0.000;13202.000;416962;0;0;
0.000;0.000;0.000;13203.000;416960;0;0;
0.000;0.000;0.000;13204.000;416958;0;0;
0.000;0.000;0.000;13205.000;416956;0;0;
0.000;0.000;0.000;13206.000;416953;0;0;
0.000;0.000;0.000;13207.000;416951;0;0;
0.000;0.000;0.000;13208.000;416948;0;0;
0.000;0.000;0.000;13209.000;416946;0;0;
0.000;0.000;0.000;13210.000;416943;0;0;
0.000;0.000;0.000;13211.000;416939;0;0;
0.000;0.000;0.000;13212.000;416936;0;0;
0.000;0.000;0.000;13213.000;416933;0;0;
0.000;0.000;0.000;13214.000;416929;0;0;
0.000;0.000;0.000;13215.000;416926;0;0;
0.000;0.000;0.000;13216.000;416922;0;0;
0.000;0.000;0.000;13217.000;416918;0;0;
0.000;0.000;0.000;13218.000;416914;0;0;
0.000;0.000;0.000;13219.000;416909;0;0;
0.000;0.000;0.000;13220.000;416905;0;0;
0.000;0.000;0.000;13221.000;416900;0;0;
0.000;0.000;0.000;13222.000;416895;0;0;
0.000;0.000;0.000;13223.000;416891;0;0;
0.000;0.000;0.000;13224.000;416886;0;0;
0.000;0.000;0.000;13225.000;416880;0;0;
0.000;0.000;0.000;13226.000;416875;0;0;
0.000;0.000;0.000;13227.000;416869;0;0;
0.000;0.000;0.000;13228.000;416864;0;0;
0.000;0.000;0.000;13229.000;416858;0;0;
0.000;0.000;0.000;13230.000;416852;0;0;
0.000;0.000;0.000;13231.000;416846;0;0;
0.000;0.000;0.000;13232.000;416840;0;0;
0.000;0.000;0.000;13233.000;416833;0;0;
0.000;0.000;0.000;13234.000;416827;0;0;
0.000;0.000;0.000;13235.000;416820;0;0;
0.000;0.000;0.000;13236.000;416813;0;0;
0.000;0.000;0.000;13237.000;416806;0;0;
0.000;0.000;0.000;13238.000;416799;0;0;
0.000;0.000;0.000;13239.000;416791;0;0;
0.000;0.000;0.000;13240.000;416784;0;0;
0.000;0.000;0.000;13241.000;416776;0;0;
0.000;0.000;0.000;13242.000;416769;0;0;
0.000;0.000;0.000;13243.000;416761;0;0;
0.000;0.000;0.000;13244.000;416753;0;0;
0.000;0.000;0.000;13245.000;416744;0;0;
0.000;0.000;0.000;13246.000;416736;0;0;
0.000;0.000;0.000;13247.000;416728;0;0;
0.000;0.000;0.000;13248.000;416719;0;0;
0.000;0.000;0.000;13249.000;416710;0;0;
0.000;0.000;0.000;13250.000;416701;0;0;
0.000;0.000;0.000;13251.000;416692;0;0;
0.000;0.000;0.000;13252.000;416683;0;0;
0.000;0.000;0.000;13253.000;416673;0;0;
0.000;0.000;0.000;13254.000;416664;0;0;
0.000;0.000;0.000;13255.000;416654;0;0;
0.000;0.000;0.000;13256.000;416644;0;0;
0.000;0.000;0.000;13257.000;416634;0;0;
0.000;0.000;0.000;13258.000;416624;0;0;
0.000;0.000;0.000;13259.000;416614;0;0;
0.000;0.000;0.000;13260.000;416604;0;0;
0.000;0.000;0.000;13261.000;416593;0;0;
0.000;0.000;0.000;13262.000;416582;0;0;
0.000;0.000;0.000;13263.000;416572;0;0;
0.000;0.000;0.000;13264.000;416561;0;0;
0.000;0.000;0.000;13265.000;416550;0;0;
0.000;0.000;0.000;13266.000;416538;0;0;
0.000;0.000;0.000;13267.000;416527;0;0;
0.000;0.000;0.000;13268.000;416515;0;0;
0.000;0.000;0.000;13269.000;416504;0;0;
0.000;0.000;0.000;13270.000;416492;0;0;
0.000;0.000;0.000;13271.000;416480;0;0;
0.000;0.000;0.000;13272.000;416468;0;0;
0.000;0.000;0.000;13273.000;416456;0;0;
0.000;0.000;0.000;13274.000;416444;0;0;
0.000;0.000;0.000;13275.000;416431;0;0;
0.000;0.000;0.000;13276.000;416419;0;0;
0.000;0.000;0.000;13277.000;416406;0;0;
0.000;0.000;0.000;13278.000;416393;0;0;
0.000;0.000;0.000;13279.000;416380;0;0;
0.000;0.000;0.000;13280.000;416367;0;0;
0.000;0.000;0.000;13281.000;416354;0;0;
0.000;0.000;0.000;13282.000;416340;0;0;
0.000;0.000;0.000;13283.000;416327;0;0;
0.000;0.000;0.000;13284.000;416313;0;0;
0.000;0.000;0.000;13285.000;416300;0;0;
0.000;0.000;0.000;13286.000;416286;0;0;
0.000;0.000;0.000;13287.000;416272;0;0;
0.000;0.000;0.000;13288.000;416258;0;0;
0.000;0.000;0.000;13289.000;416244;0;0;
0.000;0.000;0.000;13290.000;416229;0;0;
0.000;0.000;0.000;13291.000;416215;0;0;
0.000;0.000;0.000;13292.000;416200;0;0;
0.000;0.000;0.000;13293.000;416186;0;0;
0.000;0.000;0.000;13294.000;416171;0;0;
0.000;0.000;0.000;13295.000;416156;0;0;
0.000;0.000;0.000;13296.000;416141;0;0;
0.000;0.000;0.000;13297.000;416126;0;0;
0.000;0.000;0.000;13298.000;416111;0;0;
0.000;0.000;0.000;13299.000;416095;0;0;
0.000;0.000;0.000;13300.000;416080;0;0;
0.000;0.000;0.000;13301.000;416064;0;0;
0.000;0.000;0.000;13302.000;416049;0;0;
0.000;0.000;0.000;13303.000;416033;0;0;
0.000;0.000;0.000;13304.000;416017;0;0;
0.000;0.000;0.000;13305.000;416001;0;0;
0.000;0.000;0.000;13306.000;415985;0;0;
0.000;0.000;0.000;13307.000;415969;0;0;
0.000;0.000;0.000;13308.000;415952;0;0;
0.000;0.000;0.000;13309.000;415936;0;0;
0.000;0.000;0.000;13310.000;415919;0;0;
0.000;0.000;0.000;13311.000;415903;0;0;
0.000;0.000;0.000;13312.000;415886;0;0;
0.000;0.000;0.000;13313.000;415869;0;0;
0.000;0.000;0.000;13314.000;415852;0;0;
0.000;0.000;0.000;13315.000;415835;0;0;
0.000;0.000;0.000;13316.000;415818;0;0;
0.000;0.000;0.000;13317.000;415801;0;0;
0.000;0.000;0.000;13318.000;415783;0;0;
0.000;0.000;0.000;13319.000;415766;0;0;
0.000;0.000;0.000;13320.000;415748;0;0;
0.000;0.000;0.000;13321.000;415730;0;0;
0.000;0.000;0.000;13322.000;415713;0;0;
0.000;0.000;0.000;13323.000;415695;0;0;
0.000;0.000;0.000;13324.000;415677;0;0;
0.000;0.000;0.000;13325.000;415659;0;0;
0.000;0.000;0.000;13326.000;415640;0;0;
0.000;0.000;0.000;13327.000;415622;0;0;
0.000;0.000;0.000;13328.000;415604;0;0;
0.000;0.000;0.000;13329.000;415585;0;0;
0.000;0.000;0.000;13330.000;415566;0;0;
0.000;0.000;0.000;13331.000;415548;0;0;
0.000;0.000;0.000;13332.000;415529;0;0;
0.000;0.000;0.000;13333.000;415510;0;0;
0.000;0.000;0.000;13334.000;415491;0;0;
0.000;0.000;0.000;13335.000;415472;0;0;
0.000;0.000;0.000;13336.000;415452;0;0;
0.000;0.000;0.000;13337.000;415433;0;0;
0.000;0.000;0.000;13338.000;415414;0;0;
0.000;0.000;0.000;13339.000;415394;0;0;
0.000;0.000;0.000;13340.000;415374;0;0;
0.000;0.000;0.000;13341.000;415355;0;0;
0.000;0.000;0.000;13342.000;415335;0;0;
0.000;0.000;0.000;13343.000;415315;0;0;
0.000;0.000;0.000;13344.000;415295;0;0;
0.000;0.000;0.000;13345.000;415275;0;0;
0.000;0.000;0.000;13346.000;415254;0;0;
0.000;0.000;0.000;13347.000;415234;0;0;
0.000;0.000;0.000;13348.000;415213;0;0;
0.000;0.000;0.000;13349.000;415193;0;0;
0.000;0.000;0.000;13350.000;415172;0;0;
0.000;0.000;0.000;13351.000;415151;0;0;
0.000;0.000;0.000;13352.000;415131;0;0;
0.000;0.000;0.000;13353.000;415110;0;0;
0.000;0.000;0.000;13354.000;415089;0;0;
0.000;0.000;0.000;13355.000;415067;0;0;
0.000;0.000;0.000;13356.000;415046;0;0;
0.000;0.000;0.000;13357.000;415025;0;0;
0.000;0.000;0.000;13358.000;415003;0;0;
0.000;0.000;0.000;13359.000;414982;0;0;
0.000;0.000;0.000;13360.000;414960;0;0;
0.000;0.000;0.000;13361.000;414938;0;0;
0.000;0.000;0.000;13362.000;414917;0;0;
0.000;0.000;0.000;13363.000;414895;0;0;
0.000;0.000;0.000;13364.000;414873;0;0;
0.000;0.000;0.000;13365.000;414850;0;0;
0.000;0.000;0.000;13366.000;414828;0;0;
0.000;0.000;0.000;13367.000;414806;0;0;
0.000;0.000;0.000;13368.000;414784;0;0;
0.000;0.000;0.000;13369.000;414761;0;0;
0.000;0.000;0.000;13370.000;414738;0;0;
0.000;0.000;0.000;13371.000;414716;0;0;
0.000;0.000;0.000;13372.000;414693;0;0;
0.000;0.000;0.000;13373.000;414670;0;0;
0.000;0.000;0.000;13374.000;414647;0;0;
0.000;0.000;0.000;13375.000;414624;0;0;
0.000;0.000;0.000;13376.000;414601;0;0;
0.000;0.000;0.000;13377.000;414577;0;0;
0.000;0.000;0.000;13378.000;414554;0;0;
0.000;0.000;0.000;13379.000;414531;0;0;
0.000;0.000;0.000;13380.000;414507;0;0;
0.000;0.000;0.000;13381.000;414484;0;0;
0.000;0.000;0.000;13382.000;414460;0;0;
0.000;0.000;0.000;13383.000;414436;0;0;
0.000;0.000;0.000;13384.000;414412;0;0;
0.000;0.000;0.000;13385.000;414388;0;0;
0.000;0.000;0.000;13386.000;414364;0;0;
0.000;0.000;0.000;13387.000;414340;0;0;
0.000;0.000;0.000;13388.000;414315;0;0;
0.000;0.000;0.000;13389.000;414291;0;0;
0.000;0.000;0.000;13390.000;414267;0;0;
0.000;0.000;0.000;13391.000;414242;0;0;
0.000;0.000;0.000;13392.000;414217;0;0;
0.000;0.000;0.000;13393.000;414193;0;0;
0.000;0.000;0.000;13394.000;414168;0;0;
0.000;0.000;0.000;13395.000;414143;0;0;
0.000;0.000;0.000;13396.000;414118;0;0;
0.000;0.000;0.000;13397.000;414093;0;0;
0.000;0.000;0.000;13398.000;414068;0;0;
0.000;0.000;0.000;13399.000;414043;0;0;
0.000;0.000;0.000;13400.000;414017;0;0;
0.000;0.000;0.000;13401.000;413992;0;0;
0.000;0.000;0.000;13402.000;413967;0;0;
0.000;0.000;0.000;13403.000;413941;0;0;
0.000;0.000;0.000;13404.000;413915;0;0;
0.000;0.000;0.000;13405.000;413890;0;0;
0.000;0.000;0.000;13406.000;413864;0;0;
0.000;0.000;0.000;13407.000;413838;0;0;
0.000;0.000;0.000;13408.000;413812;0;0;
0.000;0.000;0.000;13409.000;413786;0;0;
0.000;0.000;0.000;13410.000;413760;0;0;
0.000;0.000;0.000;13411.000;413734;0;0;
0.000;0.000;0.000;13412.000;413708;0;0;
0.000;0.000;0.000;13413.000;413681;0;0;
0.000;0.000;0.000;13414.000;413655;0;0;
0.000;0.000;0.000;13415.000;413629;0;0;
0.000;0.000;0.000;13416.000;413602;0;0;
0.000;0.000;0.000;13417.000;413575;0;0;
0.000;0.000;0.000;13418.000;413549;0;0;
0.000;0.000;0.000;13419.000;413522;0;0;
0.000;0.000;0.000;13420.000;413495;0;0;
0.000;0.000;0.000;13421.000;413468;0;0;
0.000;0.000;0.000;13422.000;413441;0;0;
0.000;0.000;0.000;13423.000;413414;0;0;
0.000;0.000;0.000;13424.000;413387;0;0;
0.000;0.000;0.000;13425.000;413359;0;0;
0.000;0.000;0.000;13426.000;413332;0;0;
0.000;0.000;0.000;13427.000;413305;0;0;
0.000;0.000;0.000;13428.000;413277;0;0;
0.000;0.000;0.000;13429.000;413249;0;0;
0.000;0.000;0.000;13430.000;413222;0;0;
0.000;0.000;0.000;13431.000;413194;0;0;
0.000;0.000;0.000;13432.000;413166;0;0;
0.000;0.000;0.000;13433.000;413138;0;0;
0.000;0.000;0.000;13434.000;413110;0;0;
0.000;0.000;0.000;13435.000;413082;0;0;
0.000;0.000;0.000;13436.000;413054;0;0;
0.000;0.000;0.000;13437.000;413026;0;0;
0.000;0.000;0.000;13438.000;412998;0;0;
0.000;0.000;0.000;13439.000;412969;0;0;
0.000;0.000;0.000;13440.000;412941;0;0;
0.000;0.000;0.000;13441.000;412912;0;0;
0.000;0.000;0.000;13442.000;412884;0;0;
0.000;0.000;0.000;13443.000;412855;0;0;
0.000;0.000;0.000;13444.000;412826;0;0;
0.000;0.000;0.000;13445.000;412797;0;0;
0.000;0.000;0.000;13446.000;412769;0;0;
0.000;0.000;0.000;13447.000;412740;0;0;
0.000;0.000;0.000;13448.000;412711;0;0;
0.000;0.000;0.000;13449.000;412681;0;0;
0.000;0.000;0.000;13450.000;412652;0;0;
0.000;0.000;0.000;13451.000;412623;0;0;
0.000;0.000;0.000;13452.000;412593;0;0;
0.000;0.000;0.000;13453.000;412564;0;0;
0.000;0.000;0.000;13454.000;412534;0;0;
0.000;0.000;0.000;13455.000;412505;0;0;
0.000;0.000;0.000;13456.000;412475;0;0;
0.000;0.000;0.000;13457.000;412445;0;0;
0.000;0.000;0.000;13458.000;412415;0;0;
0.000;0.000;0.000;13459.000;412385;0;0;
0.000;0.000;0.000;13460.000;412355;0;0;
0.000;0.000;0.000;13461.000;412325;0;0;
0.000;0.000;0.000;13462.000;412295;0;0;
0.000;0.000;0.000;13463.000;412265;0;0;
0.000;0.000;0.000;13464.000;412234;0;0;
0.000;0.000;0.000;13465.000;412204;0;0;
0.000;0.000;0.000;13466.000;412174;0;0;
0.000;0.000;0.000;13467.000;412143;0;0;
0.000;0.000;0.000;13468.000;412112;0;0;
0.000;0.000;0.000;13469.000;412082;0;0;
0.000;0.000;0.000;13470.000;412051;0;0;
0.000;0.000;0.000;13471.000;412020;0;0;
0.000;0.000;0.000;13472.000;411989;0;0;
0.000;0.000;0.000;13473.000;411958;0;0;
0.000;0.000;0.000;13474.000;411927;0;0;
0.000;0.000;0.000;13475.000;411896;0;0;
0.000;0.000;0.000;13476.000;411865;0;0;
0.000;0.000;0.000;13477.000;411834;0;0;
0.000;0.000;0.000;13478.000;411802;0;0;
0.000;0.000;0.000;13479.000;411771;0;0;
0.000;0.000;0.000;13480.000;411740;0;0;
0.000;0.000;0.000;13481.000;411708;0;0;
0.000;0.000;0.000;13482.000;411676;0;0;
0.000;0.000;0.000;13483.000;411645;0;0;
0.000;0.000;0.000;13484.000;411613;0;0;
0.000;0.000;0.000;13485.000;411581;0;0;
0.000;0.000;0.000;13486.000;411549;0;0;
0.000;0.000;0.000;13487.000;411517;0;0;
0.000;0.000;0.000;13488.000;411486;0;0;
0.000;0.000;0.000;13489.000;411453;0;0;
0.000;0.000;0.000;13490.000;411421;0;0;
0.000;0.000;0.000;13491.000;411389;0;0;
0.000;0.000;0.000;13492.000;411357;0;0;
0.000;0.000;0.000;13493.000;411324;0;0;
0.000;0.000;0.000;13494.000;411292;0;0;
0.000;0.000;0.000;13495.000;411259;0;0;
0.000;0.000;0.000;13496.000;411227;0;0;
0.000;0.000;0.000;13497.000;411194;0;0;
0.000;0.000;0.000;13498.000;411161;0;0;
0.000;0.000;0.000;13499.000;411129;0;0;
0.000;0.000;0.000;13500.000;411096;0;0;
0.000;0.000;0.000;13501.000;411063;0;0;
0.000;0.000;0.000;13502.000;411030;0;0;
0.000;0.000;0.000;13503.000;410997;0;0;
0.000;0.000;0.000;13504.000;410964;0;0;
0.000;0.000;0.000;13505.000;410931;0;0;
0.000;0.000;0.000;13506.000;410897;0;0;
0.000;0.000;0.000;13507.000;410864;0;0;
0.000;0.000;0.000;13508.000;410831;0;0;
0.000;0.000;0.000;13509.000;410797;0;0;
0.000;0.000;0.000;13510.000;410764;0;0;
0.000;0.000;0.000;13511.000;410731;0;0;
0.000;0.000;0.000;13512.000;410697;0;0;
0.000;0.000;0.000;13513.000;410664;0;0;
0.000;0.000;0.000;13514.000;410630;0;0;
0.000;0.000;0.000;13515.000;410596;0;0;
0.000;0.000;0.000;13516.000;410562;0;0;
0.000;0.000;0.000;13517.000;410529;0;0;
0.000;0.000;0.000;13518.000;410495;0;0;
0.000;0.000;0.000;13519.000;410461;0;0;
0.000;0.000;0.000;13520.000;410427;0;0;
0.000;0.000;0.000;13521.000;410393;0;0;
0.000;0.000;0.000;13522.000;410359;0;0;
0.000;0.000;0.000;13523.000;410325;0;0;
0.000;0.000;0.000;13524.000;410290;0;0;
0.000;0.000;0.000;13525.000;410256;0;0;
0.000;0.000;0.000;13526.000;410222;0;0;
0.000;0.000;0.000;13527.000;410187;0;0;
0.000;0.000;0.000;13528.000;410153;0;0;
0.000;0.000;0.000;13529.000;410118;0;0;
0.000;0.000;0.000;13530.000;410084;0;0;
0.000;0.000;0.000;13531.000;410050;0;0;
0.000;0.000;0.000;13532.000;410015;0;0;
0.000;0.000;0.000;13533.000;409981;0;0;
0.000;0.000;0.000;13534.000;409946;0;0;
0.000;0.000;0.000;13535.000;409911;0;0;
2337.170;3.248;0.000;13536.000;409876;0;0;
2731.800;14.799;0.000;13537.000;409842;0;0;
2974.253;100.000;128.000;13538.000;409807;0;0;
2994.250;100.000;128.000;13539.000;409772;0;0;
2999.459;100.000;128.000;13540.000;409737;0;0;
2983.366;100.000;128.000;13541.000;409703;0;0;
2977.365;100.000;128.000;13542.000;409668;0;0;
2987.677;100.000;128.000;13543.000;409632;0;0;
2974.633;100.000;128.000;13544.000;409597;0;0;
2970.255;100.000;128.000;13545.000;409562;0;0;
2978.154;100.000;128.000;13546.000;409527;0;0;
3004.002;100.000;128.000;13547.000;409492;0;0;
3001.286;100.000;128.000;13548.000;409457;0;0;
2988.262;100.000;128.000;13549.000;409421;0;0;
2984.821;100.000;128.000;13550.000;409386;0;0;
2974.434;100.000;128.000;13551.000;409351;0;0;
2969.499;100.000;128.000;13552.000;409315;0;0;
2987.200;100.000;128.000;13553.000;409280;0;0;
2988.468;100.000;128.000;13554.000;409244;0;0;
2998.836;100.000;128.000;13555.000;409208;0;0;
2990.045;100.000;128.000;13556.000;409173;0;0;
2988.354;100.000;128.000;13557.000;409137;0;0;
2988.667;100.000;128.000;13558.000;409101;0;0;
2982.854;100.000;128.000;13559.000;409066;0;0;
3005.139;100.000;128.000;13560.000;409030;0;0;
3054.409;98.999;0.000;13561.000;408994;0;0;
2275.299;5.641;0.000;13562.000;408958;0;0;
1861.083;6.520;0.000;13563.000;408922;0;0;
1865.079;7.009;0.000;13564.000;408886;0;0;
1861.940;6.838;0.000;13565.000;408850;0;0;
1853.021;10.891;0.000;13566.000;408814;0;0;
1856.330;10.720;0.000;13567.000;408778;0;0;
1862.748;11.770;0.000;13568.000;408742;0;0;
1866.061;11.282;0.000;13569.000;408705;0;0;
1864.104;10.940;0.000;13570.000;408669;0;0;
1885.591;9.792;0.000;13571.000;408633;0;0;
1870.078;6.398;0.000;13572.000;408596;0;0;
1869.444;4.811;0.000;13573.000;408560;0;0;
1892.128;4.567;0.000;13574.000;408523;0;0;
1929.452;3.858;0.000;13575.000;408487;0;0;
2761.892;9.255;0.000;13576.000;408450;0;0;
2980.576;100.000;128.000;13577.000;408414;0;0;
2970.871;100.000;128.000;13578.000;408377;0;0;
2949.675;100.000;128.000;13579.000;408341;0;0;
2959.317;100.000;128.000;13580.000;408304;0;0;
2945.245;100.000;128.000;13581.000;408267;0;0;
2946.532;100.000;128.000;13582.000;408230;0;0;
2952.260;100.000;128.000;13583.000;408193;0;0;
2942.723;100.000;128.000;13584.000;408157;0;0;
2933.952;100.000;128.000;13585.000;408120;0;0;
2956.682;100.000;128.000;13586.000;408083;0;0;
2948.314;100.000;128.000;13587.000;408046;0;0;
2951.259;100.000;128.000;13588.000;408009;0;0;
2935.258;100.000;128.000;13589.000;407972;0;0;
2950.867;100.000;128.000;13590.000;407935;0;0;
2956.251;100.000;128.000;13591.000;407898;0;0;
2948.740;100.000;128.000;13592.000;407860;0;0;
2953.020;100.000;128.000;13593.000;407823;0;0;
2958.354;100.000;128.000;13594.000;407786;0;0;
2948.464;100.000;128.000;13595.000;407748;0;0;
2953.907;100.000;128.000;13596.000;407711;0;0;
2953.830;100.000;128.000;13597.000;407674;0;0;
2988.790;100.000;128.000;13598.000;407636;0;0;
3066.661;21.001;0.000;13599.000;407598;0;0;
1906.656;6.984;0.000;13600.000;407561;0;0;
1851.313;8.278;0.000;13601.000;407523;0;0;
1858.447;12.821;0.000;13602.000;407485;0;0;
1867.352;15.458;0.000;13603.000;407448;0;0;
1867.367;18.462;0.000;13604.000;407410;0;0;
1864.379;22.125;0.000;13605.000;407372;0;0;
1866.239;19.951;0.000;13606.000;407334;0;0;
1868.373;21.709;0.000;13607.000;407296;0;0;
1875.365;21.123;0.000;13608.000;407258;0;0;
1881.377;15.238;0.000;13609.000;407220;0;0;
1909.485;41.929;0.000;13610.000;407182;0;0;
1891.099;50.427;0.000;13611.000;407144;0;0;
1870.675;44.542;0.000;13612.000;407106;0;0;
2932.813;19.487;0.000;13613.000;407067;0;0;
3002.036;100.000;128.000;13614.000;407029;0;0;
2953.049;100.000;128.000;13615.000;406991;0;0;
2943.441;100.000;128.000;13616.000;406953;0;0;
2935.479;100.000;128.000;13617.000;406914;0;0;
2939.198;100.000;128.000;13618.000;406876;0;0;
2947.853;100.000;128.000;13619.000;406838;0;0;
2926.829;100.000;128.000;13620.000;406799;0;0;
2923.862;100.000;128.000;13621.000;406761;0;0;
2928.788;100.000;128.000;13622.000;406722;0;0;
2929.973;100.000;128.000;13623.000;406684;0;0;
2941.295;100.000;128.000;13624.000;406645;0;0;
2940.214;100.000;128.000;13625.000;406607;0;0;
2939.737;100.000;128.000;13626.000;406568;0;0;
2951.227;100.000;128.000;13627.000;406529;0;0;
2951.405;100.000;128.000;13628.000;406491;0;0;
2951.715;100.000;128.000;13629.000;406452;0;0;
2948.699;100.000;128.000;13630.000;406413;0;0;
2948.422;100.000;128.000;13631.000;406374;0;0;
2956.148;100.000;128.000;13632.000;406336;0;0;
2953.684;100.000;128.000;13633.000;406297;0;0;
2999.882;100.000;128.000;13634.000;406258;0;0;
2900.937;10.037;0.000;13635.000;406219;0;0;
1879.544;15.385;0.000;13636.000;406180;0;0;
1869.616;11.600;0.000;13637.000;406141;0;0;
1867.180;10.867;0.000;13638.000;406102;0;0;
1869.400;20.952;0.000;13639.000;406063;0;0;
1870.518;42.613;0.000;13640.000;406024;0;0;
1868.260;50.305;0.000;13641.000;405985;0;0;
1870.541;28.694;0.000;13642.000;405946;0;0;
1869.080;34.457;0.000;13643.000;405907;0;0;
1874.725;55.995;0.000;13644.000;405868;0;0;
1876.391;37.070;0.000;13645.000;405829;0;0;
1868.395;11.258;0.000;13646.000;405790;0;0;
1875.277;6.813;0.000;13647.000;405751;0;0;
2649.707;9.011;0.000;13648.000;405711;0;0;
3016.297;100.000;128.000;13649.000;405672;0;0;
2968.359;100.000;128.000;13650.000;405633;0;0;
2955.758;100.000;128.000;13651.000;405594;0;0;
2940.295;100.000;128.000;13652.000;405554;0;0;
2936.942;100.000;128.000;13653.000;405515;0;0;
2945.528;100.000;128.000;13654.000;405475;0;0;
2945.503;100.000;128.000;13655.000;405436;0;0;
2938.861;100.000;128.000;13656.000;405397;0;0;
2944.225;100.000;128.000;13657.000;405357;0;0;
2941.094;100.000;128.000;13658.000;405318;0;0;
2943.073;100.000;128.000;13659.000;405278;0;0;
2941.399;100.000;128.000;13660.000;405239;0;0;
2953.564;100.000;128.000;13661.000;405199;0;0;
2944.401;100.000;128.000;13662.000;405160;0;0;
2946.938;100.000;128.000;13663.000;405120;0;0;
2948.053;100.000;128.000;13664.000;405080;0;0;
2955.242;100.000;128.000;13665.000;405041;0;0;
2948.582;100.000;128.000;13666.000;405001;0;0;
2958.488;100.000;128.000;13667.000;404961;0;0;
2961.229;100.000;128.000;13668.000;404922;0;0;
2960.010;100.000;128.000;13669.000;404882;0;0;
3025.186;62.662;0.000;13670.000;404842;0;0;
1892.091;8.083;0.000;13671.000;404802;0;0;
1851.487;11.331;0.000;13672.000;404762;0;0;
1857.533;22.051;0.000;13673.000;404723;0;0;
1860.679;23.199;0.000;13674.000;404682;0;0;
1869.307;31.868;0.000;13675.000;404643;0;0;
1871.843;37.534;0.000;13676.000;404603;0;0;
1864.301;76.313;0.000;13677.000;404563;0;0;
1867.865;66.129;0.000;13678.000;404523;0;0;
1871.284;23.834;0.000;13679.000;404483;0;0;
1873.774;18.926;0.000;13680.000;404443;0;0;
1872.896;15.824;0.000;13681.000;404403;0;0;
1878.436;7.790;0.000;13682.000;404363;0;0;
1922.985;6.862;0.000;13683.000;404322;0;0;
3019.833;63.590;0.000;13684.000;404282;0;0;
2962.069;100.000;128.000;13685.000;404242;0;0;
2947.125;100.000;128.000;13686.000;404202;0;0;
2937.698;100.000;128.000;13687.000;404162;0;0;
2943.760;100.000;128.000;13688.000;404121;0;0;
2939.385;100.000;128.000;13689.000;404081;0;0;
2942.624;100.000;128.000;13690.000;404041;0;0;
2943.339;100.000;128.000;13691.000;404000;0;0;
2940.646;100.000;128.000;13692.000;403960;0;0;
2935.163;100.000;128.000;13693.000;403919;0;0;
2948.651;100.000;128.000;13694.000;403879;0;0;
2941.548;100.000;128.000;13695.000;403838;0;0;
2940.649;100.000;128.000;13696.000;403798;0;0;
2940.804;100.000;128.000;13697.000;403757;0;0;
2932.108;100.000;128.000;13698.000;403717;0;0;
2939.671;100.000;128.000;13699.000;403676;0;0;
2940.388;100.000;128.000;13700.000;403635;0;0;
2939.444;100.000;128.000;13701.000;403594;0;0;
2948.521;100.000;128.000;13702.000;403554;0;0;
2956.689;100.000;128.000;13703.000;403513;0;0;
3005.034;41.661;0.000;13704.000;403472;0;0;
1855.135;12.845;0.000;13705.000;403431;0;0;
1852.531;18.706;0.000;13706.000;403391;0;0;
1860.700;23.980;0.000;13707.000;403350;0;0;
1862.705;30.842;0.000;13708.000;403309;0;0;
1865.965;43.223;0.000;13709.000;403268;0;0;
1859.383;41.197;0.000;13710.000;403227;0;0;
1854.675;42.686;0.000;13711.000;403186;0;0;
1858.612;44.274;0.000;13712.000;403145;0;0;
1866.320;36.996;0.000;13713.000;403104;0;0;
1871.515;28.523;0.000;13714.000;403063;0;0;
1869.212;18.584;0.000;13715.000;403021;0;0;
1861.038;10.281;0.000;13716.000;402980;0;0;
2944.460;6.960;0.000;13717.000;402939;0;0;
3031.783;100.000;128.000;13718.000;402897;0;0;
2966.389;100.000;128.000;13719.000;402856;0;0;
2956.324;100.000;128.000;13720.000;402815;0;0;
2954.786;100.000;128.000;13721.000;402773;0;0;
2958.880;100.000;128.000;13722.000;402731;0;0;
2945.481;100.000;128.000;13723.000;402690;0;0;
2946.272;100.000;128.000;13724.000;402648;0;0;
2934.432;100.000;128.000;13725.000;402606;0;0;
2937.812;100.000;128.000;13726.000;402565;0;0;
2936.018;100.000;128.000;13727.000;402523;0;0;
2936.457;100.000;128.000;13728.000;402481;0;0;
2949.940;100.000;128.000;13729.000;402439;0;0;
2941.076;100.000;128.000;13730.000;402397;0;0;
2941.000;100.000;128.000;13731.000;402355;0;0;
2956.404;100.000;128.000;13732.000;402313;0;0;
2939.605;100.000;128.000;13733.000;402271;0;0;
2956.063;100.000;128.000;13734.000;402229;0;0;
2951.899;100.000;128.000;13735.000;402187;0;0;
2962.133;100.000;128.000;13736.000;402145;0;0;
3020.327;55.824;0.000;13737.000;402103;0;0;
2936.489;8.645;0.000;13738.000;402061;0;0;
1859.839;9.084;0.000;13739.000;402019;0;0;
1864.154;13.065;0.000;13740.000;401976;0;0;
1863.962;21.148;0.000;13741.000;401934;0;0;
1876.380;20.269;0.000;13742.000;401892;0;0;
1865.010;30.989;0.000;13743.000;401850;0;0;
1860.340;49.646;0.000;13744.000;401807;0;0;
1863.128;46.178;0.000;13745.000;401765;0;0;
1869.474;23.101;0.000;13746.000;401723;0;0;
1874.553;27.033;0.000;13747.000;401680;0;0;
1868.227;18.022;0.000;13748.000;401638;0;0;
1883.091;11.282;0.000;13749.000;401595;0;0;
2933.140;8.669;0.000;13750.000;401553;0;0;
3012.666;100.000;128.000;13751.000;401510;0;0;
2951.771;100.000;128.000;13752.000;401468;0;0;
2956.609;100.000;128.000;13753.000;401426;0;0;
2951.993;100.000;128.000;13754.000;401383;0;0;
2950.074;100.000;128.000;13755.000;401340;0;0;
2953.795;100.000;128.000;13756.000;401298;0;0;
2950.270;100.000;128.000;13757.000;401255;0;0;
2945.936;100.000;128.000;13758.000;401212;0;0;
2943.529;100.000;128.000;13759.000;401170;0;0;
2945.142;100.000;128.000;13760.000;401127;0;0;
2939.017;100.000;128.000;13761.000;401084;0;0;
2935.488;100.000;128.000;13762.000;401041;0;0;
2938.654;100.000;128.000;13763.000;400998;0;0;
2938.232;100.000;128.000;13764.000;400956;0;0;
2950.812;100.000;128.000;13765.000;400912;0;0;
2937.031;100.000;128.000;13766.000;400870;0;0;
2950.942;100.000;128.000;13767.000;400827;0;0;
2948.521;100.000;128.000;13768.000;400784;0;0;
2977.646;100.000;128.000;13769.000;400741;0;0;
3016.232;18.877;0.000;13770.000;400698;0;0;
1867.709;9.890;0.000;13771.000;400655;0;0;
1856.798;10.330;0.000;13772.000;400612;0;0;
1850.147;23.223;0.000;13773.000;400569;0;0;
1864.211;20.049;0.000;13774.000;400526;0;0;
1863.737;23.834;0.000;13775.000;400483;0;0;
1860.671;29.817;0.000;13776.000;400439;0;0;
1858.140;27.399;0.000;13777.000;400396;0;0;
1864.051;29.426;0.000;13778.000;400353;0;0;
1874.407;26.545;0.000;13779.000;400310;0;0;
1872.412;17.607;0.000;13780.000;400267;0;0;
1869.707;12.137;0.000;13781.000;400224;0;0;
1859.209;11.673;0.000;13782.000;400181;0;0;
3023.347;37.460;0.000;13783.000;400138;0;0;
2953.230;100.000;128.000;13784.000;400095;0;0;
2960.368;100.000;128.000;13785.000;400052;0;0;
2946.467;100.000;128.000;13786.000;400009;0;0;
2942.781;100.000;128.000;13787.000;399966;0;0;
2935.705;100.000;128.000;13788.000;399923;0;0;
2953.607;100.000;128.000;13789.000;399880;0;0;
2947.823;100.000;128.000;13790.000;399836;0;0;
2934.456;100.000;128.000;13791.000;399793;0;0;
2937.197;100.000;128.000;13792.000;399750;0;0;
2939.422;100.000;128.000;13793.000;399707;0;0;
2939.455;100.000;128.000;13794.000;399664;0;0;
2945.706;100.000;128.000;13795.000;399621;0;0;
2943.001;100.000;128.000;13796.000;399578;0;0;
2957.867;100.000;128.000;13797.000;399535;0;0;
2940.347;100.000;128.000;13798.000;399491;0;0;
2947.347;100.000;128.000;13799.000;399448;0;0;
2939.319;100.000;128.000;13800.000;399405;0;0;
2992.198;100.000;128.000;13801.000;399362;0;0;
2963.939;14.725;0.000;13802.000;399319;0;0;
1853.252;9.451;0.000;13803.000;399276;0;0;
1837.703;10.501;0.000;13804.000;399233;0;0;
1854.146;86.398;0.000;13805.000;399190;0;0;
1864.010;98.999;0.000;13806.000;399147;0;0;
1876.409;28.962;0.000;13807.000;399104;0;0;
1863.841;21.905;0.000;13808.000;399060;0;0;
1866.473;41.416;0.000;13809.000;399017;0;0;
1873.930;64.298;0.000;13810.000;398974;0;0;
1871.947;44.567;0.000;13811.000;398931;0;0;
1876.936;8.498;0.000;13812.000;398888;0;0;
1885.522;9.133;0.000;13813.000;398845;0;0;
2463.573;6.911;0.000;13814.000;398802;0;0;
3028.809;50.232;0.000;13815.000;398758;0;0;
2954.107;100.000;128.000;13816.000;398715;0;0;
2935.431;100.000;128.000;13817.000;398672;0;0;
2937.290;100.000;128.000;13818.000;398629;0;0;
2943.684;100.000;128.000;13819.000;398586;0;0;
2942.854;100.000;128.000;13820.000;398543;0;0;
2936.715;100.000;128.000;13821.000;398500;0;0;
2935.711;100.000;128.000;13822.000;398457;0;0;
2936.835;100.000;128.000;13823.000;398414;0;0;
2930.841;100.000;128.000;13824.000;398371;0;0;
2937.319;100.000;128.000;13825.000;398328;0;0;
2952.752;100.000;128.000;13826.000;398285;0;0;
2941.192;100.000;128.000;13827.000;398242;0;0;
2943.829;100.000;128.000;13828.000;398199;0;0;
2945.075;100.000;128.000;13829.000;398156;0;0;
2955.971;100.000;128.000;13830.000;398113;0;0;
2954.278;100.000;128.000;13831.000;398070;0;0;
2951.704;100.000;128.000;13832.000;398027;0;0;
2957.014;100.000;128.000;13833.000;397984;0;0;
3006.739;42.149;0.000;13834.000;397941;0;0;
1867.139;6.422;0.000;13835.000;397898;0;0;
1853.321;14.042;0.000;13836.000;397855;0;0;
1861.876;22.833;0.000;13837.000;397812;0;0;
1861.345;27.057;0.000;13838.000;397769;0;0;
1867.285;23.663;0.000;13839.000;397726;0;0;
1852.945;32.186;0.000;13840.000;397683;0;0;
1862.130;23.614;0.000;13841.000;397640;0;0;
1862.253;29.011;0.000;13842.000;397597;0;0;
1872.479;26.862;0.000;13843.000;397554;0;0;
1872.513;16.288;0.000;13844.000;397510;0;0;
1868.235;14.115;0.000;13845.000;397467;0;0;
1849.370;9.475;0.000;13846.000;397424;0;0;
2969.410;17.265;0.000;13847.000;397381;0;0;
2993.946;100.000;128.000;13848.000;397338;0;0;
2947.334;100.000;128.000;13849.000;397295;0;0;
2951.865;100.000;128.000;13850.000;397252;0;0;
2948.933;100.000;128.000;13851.000;397209;0;0;
2948.833;100.000;128.000;13852.000;397166;0;0;
2940.170;100.000;128.000;13853.000;397123;0;0;
2935.206;100.000;128.000;13854.000;397080;0;0;
2935.580;100.000;128.000;13855.000;397037;0;0;
2937.132;100.000;128.000;13856.000;396994;0;0;
2934.807;100.000;128.000;13857.000;396951;0;0;
2934.188;100.000;128.000;13858.000;396909;0;0;
2931.416;100.000;128.000;13859.000;396866;0;0;
2940.763;100.000;128.000;13860.000;396823;0;0;
2941.640;100.000;128.000;13861.000;396780;0;0;
2938.771;100.000;128.000;13862.000;396737;0;0;
2936.642;100.000;128.000;13863.000;396694;0;0;
2947.951;100.000;128.000;13864.000;396651;0;0;
2946.689;100.000;128.000;13865.000;396609;0;0;
2988.188;100.000;128.000;13866.000;396566;0;0;
2989.104;25.446;0.000;13867.000;396523;0;0;
1861.232;8.352;0.000;13868.000;396480;0;0;
1848.478;11.404;0.000;13869.000;396437;0;0;
1854.344;11.477;0.000;13870.000;396394;0;0;
1860.610;17.314;0.000;13871.000;396352;0;0;
1857.693;22.833;0.000;13872.000;396309;0;0;
1863.772;21.832;0.000;13873.000;396266;0;0;
1857.869;25.324;0.000;13874.000;396223;0;0;
1864.758;23.687;0.000;13875.000;396181;0;0;
1867.982;27.302;0.000;13876.000;396138;0;0;
1865.849;13.773;0.000;13877.000;396096;0;0;
1878.307;12.283;0.000;13878.000;396053;0;0;
1832.313;9.084;0.000;13879.000;396010;0;0;
3016.035;20.855;0.000;13880.000;395968;0;0;
2969.089;100.000;128.000;13881.000;395925;0;0;
2936.879;100.000;128.000;13882.000;395882;0;0;
2939.952;100.000;128.000;13883.000;395840;0;0;
2931.622;100.000;128.000;13884.000;395797;0;0;
2931.475;100.000;128.000;13885.000;395754;0;0;
2939.881;100.000;128.000;13886.000;395712;0;0;
2931.000;100.000;128.000;13887.000;395669;0;0;
2938.438;100.000;128.000;13888.000;395626;0;0;
2933.174;100.000;128.000;13889.000;395584;0;0;
2939.105;100.000;128.000;13890.000;395541;0;0;
2929.026;100.000;128.000;13891.000;395499;0;0;
2937.011;100.000;128.000;13892.000;395456;0;0;
2934.114;100.000;128.000;13893.000;395413;0;0;
2934.904;100.000;128.000;13894.000;395371;0;0;
2934.963;100.000;128.000;13895.000;395328;0;0;
2940.426;100.000;128.000;13896.000;395286;0;0;
2935.878;100.000;128.000;13897.000;395243;0;0;
2934.365;100.000;128.000;13898.000;395201;0;0;
2992.354;100.000;128.000;13899.000;395158;0;0;
3004.115;8.571;0.000;13900.000;395116;0;0;
1854.930;6.325;0.000;13901.000;395073;0;0;
1856.757;13.431;0.000;13902.000;395031;0;0;
1854.159;14.994;0.000;13903.000;394989;0;0;
1863.532;25.592;0.000;13904.000;394946;0;0;
1857.675;38.706;0.000;13905.000;394904;0;0;
1863.307;29.939;0.000;13906.000;394861;0;0;
1863.971;25.128;0.000;13907.000;394819;0;0;
1865.479;25.348;0.000;13908.000;394777;0;0;
1872.646;26.838;0.000;13909.000;394734;0;0;
1867.895;26.569;0.000;13910.000;394692;0;0;
1867.994;14.579;0.000;13911.000;394650;0;0;
1875.046;10.940;0.000;13912.000;394607;0;0;
3032.443;73.675;0.000;13913.000;394565;0;0;
2951.873;100.000;128.000;13914.000;394523;0;0;
2943.063;100.000;128.000;13915.000;394480;0;0;
2931.091;100.000;128.000;13916.000;394438;0;0;
2938.455;100.000;128.000;13917.000;394396;0;0;
2933.265;100.000;128.000;13918.000;394354;0;0;
2935.418;100.000;128.000;13919.000;394312;0;0;
2935.622;100.000;128.000;13920.000;394270;0;0;
2935.361;100.000;128.000;13921.000;394228;0;0;
2934.614;100.000;128.000;13922.000;394186;0;0;
2933.774;100.000;128.000;13923.000;394144;0;0;
2939.400;100.000;128.000;13924.000;394102;0;0;
2935.563;100.000;128.000;13925.000;394059;0;0;
2933.199;100.000;128.000;13926.000;394017;0;0;
2928.944;100.000;128.000;13927.000;393976;0;0;
2942.901;100.000;128.000;13928.000;393933;0;0;
2933.237;100.000;128.000;13929.000;393892;0;0;
2934.972;100.000;128.000;13930.000;393850;0;0;
2947.167;100.000;128.000;13931.000;393808;0;0;
2950.571;19.219;0.000;13932.000;393766;0;0;
1870.070;14.237;0.000;13933.000;393724;0;0;
1852.581;29.524;0.000;13934.000;393682;0;0;
1862.636;41.001;0.000;13935.000;393640;0;0;
1864.405;42.979;0.000;13936.000;393598;0;0;
1875.068;25.910;0.000;13937.000;393556;0;0;
1868.808;55.873;0.000;13938.000;393515;0;0;
1865.985;66.862;0.000;13939.000;393473;0;0;
1870.094;86.007;0.000;13940.000;393431;0;0;
1875.613;19.145;0.000;13941.000;393390;0;0;
1880.904;33.529;0.000;13942.000;393348;0;0;
1866.394;26.398;0.000;13943.000;393306;0;0;
1868.447;18.828;0.000;13944.000;393265;0;0;
2923.009;14.359;0.000;13945.000;393223;0;0;
3001.967;100.000;128.000;13946.000;393182;0;0;
2935.782;100.000;128.000;13947.000;393140;0;0;
2946.757;100.000;128.000;13948.000;393099;0;0;
2937.844;100.000;128.000;13949.000;393057;0;0;
2938.218;100.000;128.000;13950.000;393016;0;0;
2937.544;100.000;128.000;13951.000;392974;0;0;
2939.487;100.000;128.000;13952.000;392933;0;0;
2939.946;100.000;128.000;13953.000;392891;0;0;
2950.690;100.000;128.000;13954.000;392850;0;0;
2942.987;100.000;128.000;13955.000;392809;0;0;
2926.625;100.000;128.000;13956.000;392767;0;0;
2936.389;100.000;128.000;13957.000;392726;0;0;
2931.086;100.000;128.000;13958.000;392685;0;0;
2933.394;100.000;128.000;13959.000;392643;0;0;
2937.428;100.000;128.000;13960.000;392602;0;0;
2940.114;100.000;128.000;13961.000;392561;0;0;
2942.861;100.000;128.000;13962.000;392520;0;0;
2950.601;100.000;128.000;13963.000;392478;0;0;
2961.796;100.000;128.000;13964.000;392437;0;0;
3001.923;100.000;128.000;13965.000;392396;0;0;
2777.021;8.767;0.000;13966.000;392355;0;0;
1861.775;12.039;0.000;13967.000;392314;0;0;
1859.074;13.480;0.000;13968.000;392273;0;0;
1862.260;23.565;0.000;13969.000;392232;0;0;
1866.081;26.593;0.000;13970.000;392191;0;0;
1870.955;28.132;0.000;13971.000;392150;0;0;
1867.264;32.552;0.000;13972.000;392110;0;0;
1867.045;31.624;0.000;13973.000;392069;0;0;
1864.451;86.691;0.000;13974.000;392028;0;0;
1873.351;35.629;0.000;13975.000;391987;0;0;
1876.987;37.070;0.000;13976.000;391947;0;0;
1866.073;18.877;0.000;13977.000;391906;0;0;
1836.120;15.531;0.000;13978.000;391866;0;0;
3009.488;15.873;0.000;13979.000;391825;0;0;
2988.179;100.000;128.000;13980.000;391785;0;0;
2953.615;100.000;128.000;13981.000;391745;0;0;
2951.771;100.000;128.000;13982.000;391704;0;0;
2948.905;100.000;128.000;13983.000;391664;0;0;
2953.753;100.000;128.000;13984.000;391623;0;0;
2944.928;100.000;128.000;13985.000;391583;0;0;
2932.752;100.000;128.000;13986.000;391543;0;0;
2947.882;100.000;128.000;13987.000;391503;0;0;
2949.975;100.000;128.000;13988.000;391462;0;0;
2944.271;100.000;128.000;13989.000;391422;0;0;
2959.635;100.000;128.000;13990.000;391382;0;0;
2948.012;100.000;128.000;13991.000;391342;0;0;
2948.504;100.000;128.000;13992.000;391302;0;0;
2952.895;100.000;128.000;13993.000;391262;0;0;
2961.954;100.000;128.000;13994.000;391222;0;0;
2966.870;100.000;128.000;13995.000;391182;0;0;
2958.200;100.000;128.000;13996.000;391142;0;0;
2972.730;100.000;128.000;13997.000;391102;0;0;
2965.503;100.000;128.000;13998.000;391062;0;0;
2988.554;100.000;128.000;13999.000;391023;0;0;
2432.654;3.443;0.000;14000.000;390983;0;0;
0.000;0.000;0.000;14001.000;390943;0;0;
1848.315;4.078;0.000;14002.000;390903;0;0;
1871.520;5.739;0.000;14003.000;390864;0;0;
1876.593;8.938;0.000;14004.000;390824;0;0;
1881.495;10.354;0.000;14005.000;390785;0;0;
1862.582;12.845;0.000;14006.000;390745;0;0;
1866.838;10.549;0.000;14007.000;390705;0;0;
1867.399;10.965;0.000;14008.000;390666;0;0;
1862.945;8.571;0.000;14009.000;390626;0;0;
1869.822;8.449;0.000;14010.000;390587;0;0;
1868.641;6.886;0.000;14011.000;390548;0;0;
1886.984;6.422;0.000;14012.000;390508;0;0;
2737.888;11.013;0.000;14013.000;390469;0;0;
3081.004;79.585;0.000;14014.000;390430;0;0;
3011.372;100.000;128.000;14015.000;390390;0;0;
2992.222;100.000;128.000;14016.000;390351;0;0;
2993.195;100.000;128.000;14017.000;390312;0;0;
3000.371;100.000;128.000;14018.000;390273;0;0;
2991.377;100.000;128.000;14019.000;390234;0;0;
2993.901;100.000;128.000;14020.000;390195;0;0;
2992.912;100.000;128.000;14021.000;390157;0;0;
3005.590;100.000;128.000;14022.000;390118;0;0;
3010.185;100.000;128.000;14023.000;390079;0;0;
2998.962;100.000;128.000;14024.000;390040;0;0;
3022.863;100.000;128.000;14025.000;390002;0;0;
3006.306;100.000;128.000;14026.000;389963;0;0;
3023.705;100.000;128.000;14027.000;389924;0;0;
3014.072;97.460;0.000;14028.000;389885;0;0;
2999.159;88.254;0.000;14029.000;389847;0;0;
2984.103;51.917;0.000;14030.000;389808;0;0;
2984.479;30.647;0.000;14031.000;389770;0;0;
2986.850;20.781;0.000;14032.000;389732;0;0;
2982.524;18.877;0.000;14033.000;389693;0;0;
2894.227;7.033;0.000;14034.000;389655;0;0;
2577.121;2.100;0.000;14035.000;389617;0;0;
0.000;0.000;0.000;14036.000;389579;0;0;
0.000;0.000;0.000;14037.000;389541;0;0;
0.000;0.000;0.000;14038.000;389503;0;0;
0.000;0.000;0.000;14039.000;389465;0;0;
0.000;0.000;0.000;14040.000;389428;0;0;
0.000;0.000;0.000;14041.000;389390;0;0;
0.000;0.000;0.000;14042.000;389352;0;0;
0.000;0.000;0.000;14043.000;389314;0;0;
0.000;0.000;0.000;14044.000;389276;0;0;
0.000;0.000;0.000;14045.000;389239;0;0;
0.000;0.000;0.000;14046.000;389201;0;0;
0.000;0.000;0.000;14047.000;389164;0;0;
0.000;0.000;0.000;14048.000;389126;0;0;
0.000;0.000;0.000;14049.000;389089;0;0;
0.000;0.000;0.000;14050.000;389051;0;0;
0.000;0.000;0.000;14051.000;389014;0;0;
0.000;0.000;0.000;14052.000;388977;0;0;
0.000;0.000;0.000;14053.000;388939;0;0;
0.000;0.000;0.000;14054.000;388902;0;0;
0.000;0.000;0.000;14055.000;388865;0;0;
0.000;0.000;0.000;14056.000;388828;0;0;
0.000;0.000;0.000;14057.000;388791;0;0;
0.000;0.000;0.000;14058.000;388754;0;0;
0.000;0.000;0.000;14059.000;388717;0;0;
0.000;0.000;0.000;14060.000;388681;0;0;
0.000;0.000;0.000;14061.000;388644;0;0;
0.000;0.000;0.000;14062.000;388607;0;0;
0.000;0.000;0.000;14063.000;388571;0;0;
0.000;0.000;0.000;14064.000;388534;0;0;
0.000;0.000;0.000;14065.000;388498;0;0;
0.000;0.000;0.000;14066.000;388461;0;0;
0.000;0.000;0.000;14067.000;388425;0;0;
0.000;0.000;0.000;14068.000;388388;0;0;
0.000;0.000;0.000;14069.000;388352;0;0;
0.000;0.000;0.000;14070.000;388316;0;0;
0.000;0.000;0.000;14071.000;388279;0;0;
0.000;0.000;0.000;14072.000;388243;0;0;
0.000;0.000;0.000;14073.000;388207;0;0;
0.000;0.000;0.000;14074.000;388171;0;0;
0.000;0.000;0.000;14075.000;388135;0;0;
0.000;0.000;0.000;14076.000;388099;0;0;
0.000;0.000;0.000;14077.000;388064;0;0;
0.000;0.000;0.000;14078.000;388028;0;0;
0.000;0.000;0.000;14079.000;387992;0;0;
0.000;0.000;0.000;14080.000;387957;0;0;
0.000;0.000;0.000;14081.000;387921;0;0;
0.000;0.000;0.000;14082.000;387886;0;0;
0.000;0.000;0.000;14083.000;387850;0;0;
0.000;0.000;0.000;14084.000;387815;0;0;
0.000;0.000;0.000;14085.000;387780;0;0;
0.000;0.000;0.000;14086.000;387745;0;0;
0.000;0.000;0.000;14087.000;387709;0;0;
0.000;0.000;0.000;14088.000;387674;0;0;
0.000;0.000;0.000;14089.000;387639;0;0;
0.000;0.000;0.000;14090.000;387605;0;0;
0.000;0.000;0.000;14091.000;387570;0;0;
0.000;0.000;0.000;14092.000;387535;0;0;
0.000;0.000;0.000;14093.000;387500;0;0;
0.000;0.000;0.000;14094.000;387466;0;0;
0.000;0.000;0.000;14095.000;387431;0;0;
0.000;0.000;0.000;14096.000;387397;0;0;
0.000;0.000;0.000;14097.000;387363;0;0;
0.000;0.000;0.000;14098.000;387329;0;0;
0.000;0.000;0.000;14099.000;387295;0;0;
0.000;0.000;0.000;14100.000;387261;0;0;
0.000;0.000;0.000;14101.000;387227;0;0;
0.000;0.000;0.000;14102.000;387193;0;0;
0.000;0.000;0.000;14103.000;387159;0;0;
0.000;0.000;0.000;14104.000;387126;0;0;
0.000;0.000;0.000;14105.000;387092;0;0;
0.000;0.000;0.000;14106.000;387059;0;0;
0.000;0.000;0.000;14107.000;387025;0;0;
0.000;0.000;0.000;14108.000;386992;0;0;
0.000;0.000;0.000;14109.000;386959;0;0;
0.000;0.000;0.000;14110.000;386926;0;0;
0.000;0.000;0.000;14111.000;386893;0;0;
0.000;0.000;0.000;14112.000;386860;0;0;
0.000;0.000;0.000;14113.000;386827;0;0;
0.000;0.000;0.000;14114.000;386794;0;0;
0.000;0.000;0.000;14115.000;386762;0;0;
0.000;0.000;0.000;14116.000;386729;0;0;
0.000;0.000;0.000;14117.000;386697;0;0;
0.000;0.000;0.000;14118.000;386665;0;0;
0.000;0.000;0.000;14119.000;386632;0;0;
0.000;0.000;0.000;14120.000;386600;0;0;
0.000;0.000;0.000;14121.000;386568;0;0;
0.000;0.000;0.000;14122.000;386537;0;0;
0.000;0.000;0.000;14123.000;386505;0;0;
0.000;0.000;0.000;14124.000;386473;0;0;
0.000;0.000;0.000;14125.000;386442;0;0;
0.000;0.000;0.000;14126.000;386411;0;0;
0.000;0.000;0.000;14127.000;386380;0;0;
0.000;0.000;0.000;14128.000;386349;0;0;
0.000;0.000;0.000;14129.000;386318;0;0;
0.000;0.000;0.000;14130.000;386287;0;0;
0.000;0.000;0.000;14131.000;386256;0;0;
0.000;0.000;0.000;14132.000;386226;0;0;
0.000;0.000;0.000;14133.000;386195;0;0;
0.000;0.000;0.000;14134.000;386165;0;0;
0.000;0.000;0.000;14135.000;386135;0;0;
0.000;0.000;0.000;14136.000;386105;0;0;
0.000;0.000;0.000;14137.000;386075;0;0;
0.000;0.000;0.000;14138.000;386046;0;0;
0.000;0.000;0.000;14139.000;386016;0;0;
0.000;0.000;0.000;14140.000;385987;0;0;
0.000;0.000;0.000;14141.000;385957;0;0;
0.000;0.000;0.000;14142.000;385928;0;0;
0.000;0.000;0.000;14143.000;385899;0;0;
0.000;0.000;0.000;14144.000;385871;0;0;
0.000;0.000;0.000;14145.000;385842;0;0;
0.000;0.000;0.000;14146.000;385813;0;0;
0.000;0.000;0.000;14147.000;385785;0;0;
0.000;0.000;0.000;14148.000;385757;0;0;
0.000;0.000;0.000;14149.000;385729;0;0;
0.000;0.000;0.000;14150.000;385701;0;0;
0.000;0.000;0.000;14151.000;385674;0;0;
0.000;0.000;0.000;14152.000;385646;0;0;
0.000;0.000;0.000;14153.000;385619;0;0;
0.000;0.000;0.000;14154.000;385592;0;0;
0.000;0.000;0.000;14155.000;385565;0;0;
0.000;0.000;0.000;14156.000;385538;0;0;
0.000;0.000;0.000;14157.000;385511;0;0;
0.000;0.000;0.000;14158.000;385485;0;0;
0.000;0.000;0.000;14159.000;385459;0;0;
0.000;0.000;0.000;14160.000;385433;0;0;
0.000;0.000;0.000;14161.000;385407;0;0;
0.000;0.000;0.000;14162.000;385381;0;0;
0.000;0.000;0.000;14163.000;385355;0;0;
0.000;0.000;0.000;14164.000;385330;0;0;
0.000;0.000;0.000;14165.000;385305;0;0;
0.000;0.000;0.000;14166.000;385279;0;0;
0.000;0.000;0.000;14167.000;385255;0;0;
0.000;0.000;0.000;14168.000;385230;0;0;
0.000;0.000;0.000;14169.000;385205;0;0;
0.000;0.000;0.000;14170.000;385181;0;0;
0.000;0.000;0.000;14171.000;385157;0;0;
0.000;0.000;0.000;14172.000;385133;0;0;
0.000;0.000;0.000;14173.000;385109;0;0;
0.000;0.000;0.000;14174.000;385085;0;0;
0.000;0.000;0.000;14175.000;385062;0;0;
0.000;0.000;0.000;14176.000;385039;0;0;
0.000;0.000;0.000;14177.000;385016;0;0;
0.000;0.000;0.000;14178.000;384993;0;0;
0.000;0.000;0.000;14179.000;384970;0;0;
0.000;0.000;0.000;14180.000;384948;0;0;
0.000;0.000;0.000;14181.000;384926;0;0;
0.000;0.000;0.000;14182.000;384904;0;0;
0.000;0.000;0.000;14183.000;384882;0;0;
0.000;0.000;0.000;14184.000;384860;0;0;
0.000;0.000;0.000;14185.000;384839;0;0;
0.000;0.000;0.000;14186.000;384818;0;0;
0.000;0.000;0.000;14187.000;384797;0;0;
0.000;0.000;0.000;14188.000;384776;0;0;
0.000;0.000;0.000;14189.000;384755;0;0;
0.000;0.000;0.000;14190.000;384735;0;0;
0.000;0.000;0.000;14191.000;384715;0;0;
0.000;0.000;0.000;14192.000;384695;0;0;
0.000;0.000;0.000;14193.000;384675;0;0;
0.000;0.000;0.000;14194.000;384655;0;0;
0.000;0.000;0.000;14195.000;384636;0;0;
0.000;0.000;0.000;14196.000;384617;0;0;
0.000;0.000;0.000;14197.000;384598;0;0;
0.000;0.000;0.000;14198.000;384579;0;0;
0.000;0.000;0.000;14199.000;384560;0;0;
0.000;0.000;0.000;14200.000;384542;0;0;
0.000;0.000;0.000;14201.000;384524;0;0;
0.000;0.000;0.000;14202.000;384506;0;0;
0.000;0.000;0.000;14203.000;384488;0;0;
0.000;0.000;0.000;14204.000;384471;0;0;
0.000;0.000;0.000;14205.000;384453;0;0;
0.000;0.000;0.000;14206.000;384436;0;0;
0.000;0.000;0.000;14207.000;384419;0;0;
0.000;0.000;0.000;14208.000;384402;0;0;
0.000;0.000;0.000;14209.000;384386;0;0;
0.000;0.000;0.000;14210.000;384370;0;0;
0.000;0.000;0.000;14211.000;384353;0;0;
0.000;0.000;0.000;14212.000;384337;0;0;
0.000;0.000;0.000;14213.000;384322;0;0;
0.000;0.000;0.000;14214.000;384306;0;0;
0.000;0.000;0.000;14215.000;384291;0;0;
0.000;0.000;0.000;14216.000;384276;0;0;
0.000;0.000;0.000;14217.000;384261;0;0;
0.000;0.000;0.000;14218.000;384246;0;0;
0.000;0.000;0.000;14219.000;384232;0;0;
0.000;0.000;0.000;14220.000;384217;0;0;
0.000;0.000;0.000;14221.000;384203;0;0;
0.000;0.000;0.000;14222.000;384189;0;0;
0.000;0.000;0.000;14223.000;384175;0;0;
0.000;0.000;0.000;14224.000;384162;0;0;
0.000;0.000;0.000;14225.000;384149;0;0;
0.000;0.000;0.000;14226.000;384136;0;0;
0.000;0.000;0.000;14227.000;384123;0;0;
0.000;0.000;0.000;14228.000;384110;0;0;
0.000;0.000;0.000;14229.000;384098;0;0;
0.000;0.000;0.000;14230.000;384085;0;0;
0.000;0.000;0.000;14231.000;384073;0;0;
0.000;0.000;0.000;14232.000;384061;0;0;
0.000;0.000;0.000;14233.000;384050;0;0;
0.000;0.000;0.000;14234.000;384038;0;0;
0.000;0.000;0.000;14235.000;384027;0;0;
0.000;0.000;0.000;14236.000;384016;0;0;
0.000;0.000;0.000;14237.000;384005;0;0;
0.000;0.000;0.000;14238.000;383995;0;0;
0.000;0.000;0.000;14239.000;383984;0;0;
0.000;0.000;0.000;14240.000;383974;0;0;
0.000;0.000;0.000;14241.000;383964;0;0;
0.000;0.000;0.000;14242.000;383954;0;0;
0.000;0.000;0.000;14243.000;383945;0;0;
0.000;0.000;0.000;14244.000;383936;0;0;
0.000;0.000;0.000;14245.000;383927;0;0;
0.000;0.000;0.000;14246.000;383918;0;0;
0.000;0.000;0.000;14247.000;383909;0;0;
0.000;0.000;0.000;14248.000;383900;0;0;
0.000;0.000;0.000;14249.000;383892;0;0;
0.000;0.000;0.000;14250.000;383884;0;0;
0.000;0.000;0.000;14251.000;383876;0;0;
0.000;0.000;0.000;14252.000;383869;0;0;
0.000;0.000;0.000;14253.000;383861;0;0;
0.000;0.000;0.000;14254.000;383854;0;0;
0.000;0.000;0.000;14255.000;383847;0;0;
0.000;0.000;0.000;14256.000;383840;0;0;
0.000;0.000;0.000;14257.000;383834;0;0;
0.000;0.000;0.000;14258.000;383827;0;0;
0.000;0.000;0.000;14259.000;383821;0;0;
0.000;0.000;0.000;14260.000;383815;0;0;
0.000;0.000;0.000;14261.000;383810;0;0;
0.000;0.000;0.000;14262.000;383804;0;0;
0.000;0.000;0.000;14263.000;383799;0;0;
0.000;0.000;0.000;14264.000;383794;0;0;
0.000;0.000;0.000;14265.000;383789;0;0;
0.000;0.000;0.000;14266.000;383785;0;0;
0.000;0.000;0.000;14267.000;383780;0;0;
0.000;0.000;0.000;14268.000;383776;0;0;
0.000;0.000;0.000;14269.000;383772;0;0;
0.000;0.000;0.000;14270.000;383768;0;0;
0.000;0.000;0.000;14271.000;383765;0;0;
0.000;0.000;0.000;14272.000;383761;0;0;
0.000;0.000;0.000;14273.000;383758;0;0;
0.000;0.000;0.000;14274.000;383755;0;0;
0.000;0.000;0.000;14275.000;383753;0;0;
0.000;0.000;0.000;14276.000;383750;0;0;
0.000;0.000;0.000;14277.000;383748;0;0;
0.000;0.000;0.000;14278.000;383746;0;0;
0.000;0.000;0.000;14279.000;383744;0;0;
0.000;0.000;0.000;14280.000;383743;0;0;
0.000;0.000;0.000;14281.000;383741;0;0;
0.000;0.000;0.000;14282.000;383740;0;0;
0.000;0.000;0.000;14283.000;383739;0;0;
0.000;0.000;0.000;14284.000;383738;0;0;
0.000;0.000;0.000;14285.000;383738;0;0;
0.000;0.000;0.000;14286.000;383737;0;0;
0.000;0.000;0.000;14287.000;383737;0;0;
0.000;0.000;0.000;14288.000;383737;0;0;
0.000;0.000;0.000;14289.000;383737;0;0;
0.000;0.000;0.000;14290.000;383738;0;0;
0.000;0.000;0.000;14291.000;383739;0;0;
0.000;0.000;0.000;14292.000;383739;0;0;
0.000;0.000;0.000;14293.000;383740;0;0;
0.000;0.000;0.000;14294.000;383742;0;0;
0.000;0.000;0.000;14295.000;383743;0;0;
0.000;0.000;0.000;14296.000;383745;0;0;
0.000;0.000;0.000;14297.000;383747;0;0;
0.000;0.000;0.000;14298.000;383749;0;0;
0.000;0.000;0.000;14299.000;383751;0;0;
0.000;0.000;0.000;14300.000;383753;0;0;
0.000;0.000;0.000;14301.000;383756;0;0;
0.000;0.000;0.000;14302.000;383759;0;0;
0.000;0.000;0.000;14303.000;383762;0;0;
0.000;0.000;0.000;14304.000;383765;0;0;
0.000;0.000;0.000;14305.000;383769;0;0;
0.000;0.000;0.000;14306.000;383772;0;0;
0.000;0.000;0.000;14307.000;383776;0;0;
0.000;0.000;0.000;14308.000;383780;0;0;
0.000;0.000;0.000;14309.000;383784;0;0;
0.000;0.000;0.000;14310.000;383788;0;0;
0.000;0.000;0.000;14311.000;383793;0;0;
0.000;0.000;0.000;14312.000;383798;0;0;
0.000;0.000;0.000;14313.000;383803;0;0;
0.000;0.000;0.000;14314.000;383808;0;0;
0.000;0.000;0.000;14315.000;383813;0;0;
0.000;0.000;0.000;14316.000;383818;0;0;
0.000;0.000;0.000;14317.000;383824;0;0;
0.000;0.000;0.000;14318.000;383830;0;0;
0.000;0.000;0.000;14319.000;383835;0;0;
0.000;0.000;0.000;14320.000;383842;0;0;
0.000;0.000;0.000;14321.000;383848;0;0;
0.000;0.000;0.000;14322.000;383854;0;0;
0.000;0.000;0.000;14323.000;383861;0;0;
0.000;0.000;0.000;14324.000;383868;0;0;
0.000;0.000;0.000;14325.000;383875;0;0;
0.000;0.000;0.000;14326.000;383882;0;0;
0.000;0.000;0.000;14327.000;383889;0;0;
0.000;0.000;0.000;14328.000;383897;0;0;
0.000;0.000;0.000;14329.000;383905;0;0;
0.000;0.000;0.000;14330.000;383912;0;0;
0.000;0.000;0.000;14331.000;383920;0;0;
0.000;0.000;0.000;14332.000;383929;0;0;
0.000;0.000;0.000;14333.000;383937;0;0;
0.000;0.000;0.000;14334.000;383945;0;0;
0.000;0.000;0.000;14335.000;383954;0;0;
0.000;0.000;0.000;14336.000;383963;0;0;
0.000;0.000;0.000;14337.000;383972;0;0;
0.000;0.000;0.000;14338.000;383981;0;0;
0.000;0.000;0.000;14339.000;383990;0;0;
0.000;0.000;0.000;14340.000;384000;0;0;
0.000;0.000;0.000;14341.000;384009;0;0;
0.000;0.000;0.000;14342.000;384019;0;0;
0.000;0.000;0.000;14343.000;384029;0;0;
0.000;0.000;0.000;14344.000;384039;0;0;
0.000;0.000;0.000;14345.000;384049;0;0;
0.000;0.000;0.000;14346.000;384060;0;0;
0.000;0.000;0.000;14347.000;384070;0;0;
0.000;0.000;0.000;14348.000;384081;0;0;
0.000;0.000;0.000;14349.000;384092;0;0;
0.000;0.000;0.000;14350.000;384103;0;0;
0.000;0.000;0.000;14351.000;384114;0;0;
0.000;0.000;0.000;14352.000;384125;0;0;
0.000;0.000;0.000;14353.000;384137;0;0;
0.000;0.000;0.000;14354.000;384148;0;0;
0.000;0.000;0.000;14355.000;384160;0;0;
0.000;0.000;0.000;14356.000;384172;0;0;
0.000;0.000;0.000;14357.000;384184;0;0;
0.000;0.000;0.000;14358.000;384196;0;0;
0.000;0.000;0.000;14359.000;384209;0;0;
0.000;0.000;0.000;14360.000;384221;0;0;
0.000;0.000;0.000;14361.000;384234;0;0;
0.000;0.000;0.000;14362.000;384247;0;0;
0.000;0.000;0.000;14363.000;384260;0;0;
0.000;0.000;0.000;14364.000;384273;0;0;
0.000;0.000;0.000;14365.000;384286;0;0;
0.000;0.000;0.000;14366.000;384300;0;0;
0.000;0.000;0.000;14367.000;384313;0;0;
0.000;0.000;0.000;14368.000;384327;0;0;
0.000;0.000;0.000;14369.000;384341;0;0;
0.000;0.000;0.000;14370.000;384355;0;0;
0.000;0.000;0.000;14371.000;384370;0;0;
0.000;0.000;0.000;14372.000;384384;0;0;
0.000;0.000;0.000;14373.000;384398;0;0;
0.000;0.000;0.000;14374.000;384413;0;0;
0.000;0.000;0.000;14375.000;384428;0;0;
0.000;0.000;0.000;14376.000;384443;0;0;
0.000;0.000;0.000;14377.000;384458;0;0;
0.000;0.000;0.000;14378.000;384473;0;0;
0.000;0.000;0.000;14379.000;384489;0;0;
0.000;0.000;0.000;14380.000;384505;0;0;
0.000;0.000;0.000;14381.000;384520;0;0;
0.000;0.000;0.000;14382.000;384536;0;0;
0.000;0.000;0.000;14383.000;384552;0;0;
0.000;0.000;0.000;14384.000;384569;0;0;
0.000;0.000;0.000;14385.000;384585;0;0;
0.000;0.000;0.000;14386.000;384602;0;0;
0.000;0.000;0.000;14387.000;384618;0;0;
0.000;0.000;0.000;14388.000;384635;0;0;
0.000;0.000;0.000;14389.000;384652;0;0;
0.000;0.000;0.000;14390.000;384669;0;0;
0.000;0.000;0.000;14391.000;384687;0;0;
0.000;0.000;0.000;14392.000;384704;0;0;
0.000;0.000;0.000;14393.000;384722;0;0;
0.000;0.000;0.000;14394.000;384739;0;0;
0.000;0.000;0.000;14395.000;384757;0;0;
0.000;0.000;0.000;14396.000;384776;0;0;
0.000;0.000;0.000;14397.000;384794;0;0;
0.000;0.000;0.000;14398.000;384812;0;0;
0.000;0.000;0.000;14399.000;384831;0;0;
0.000;0.000;0.000;14400.000;384849;0;0;
0.000;0.000;0.000;14401.000;384868;0;0;
0.000;0.000;0.000;14402.000;384887;0;0;
0.000;0.000;0.000;14403.000;384906;0;0;
0.000;0.000;0.000;14404.000;384926;0;0;
0.000;0.000;0.000;14405.000;384945;0;0;
0.000;0.000;0.000;14406.000;384965;0;0;
0.000;0.000;0.000;14407.000;384985;0;0;
0.000;0.000;0.000;14408.000;385004;0;0;
0.000;0.000;0.000;14409.000;385024;0;0;
0.000;0.000;0.000;14410.000;385045;0;0;
0.000;0.000;0.000;14411.000;385065;0;0;
0.000;0.000;0.000;14412.000;385085;0;0;
0.000;0.000;0.000;14413.000;385106;0;0;
0.000;0.000;0.000;14414.000;385127;0;0;
0.000;0.000;0.000;14415.000;385148;0;0;
0.000;0.000;0.000;14416.000;385169;0;0;
0.000;0.000;0.000;14417.000;385190;0;0;
0.000;0.000;0.000;14418.000;385211;0;0;
0.000;0.000;0.000;14419.000;385233;0;0;
0.000;0.000;0.000;14420.000;385254;0;0;
0.000;0.000;0.000;14421.000;385276;0;0;
0.000;0.000;0.000;14422.000;385298;0;0;
0.000;0.000;0.000;14423.000;385320;0;0;
0.000;0.000;0.000;14424.000;385342;0;0;
0.000;0.000;0.000;14425.000;385364;0;0;
0.000;0.000;0.000;14426.000;385387;0;0;
0.000;0.000;0.000;14427.000;385409;0;0;
0.000;0.000;0.000;14428.000;385432;0;0;
0.000;0.000;0.000;14429.000;385455;0;0;
0.000;0.000;0.000;14430.000;385478;0;0;
0.000;0.000;0.000;14431.000;385501;0;0;
0.000;0.000;0.000;14432.000;385524;0;0;
0.000;0.000;0.000;14433.000;385547;0;0;
0.000;0.000;0.000;14434.000;385570;0;0;
0.000;0.000;0.000;14435.000;385594;0;0;
0.000;0.000;0.000;14436.000;385618;0;0;
0.000;0.000;0.000;14437.000;385641;0;0;
0.000;0.000;0.000;14438.000;385665;0;0;
0.000;0.000;0.000;14439.000;385689;0;0;
0.000;0.000;0.000;14440.000;385713;0;0;
0.000;0.000;0.000;14441.000;385737;0;0;
0.000;0.000;0.000;14442.000;385762;0;0;
0.000;0.000;0.000;14443.000;385786;0;0;
0.000;0.000;0.000;14444.000;385811;0;0;
0.000;0.000;0.000;14445.000;385836;0;0;
0.000;0.000;0.000;14446.000;385861;0;0;
0.000;0.000;0.000;14447.000;385886;0;0;
0.000;0.000;0.000;14448.000;385911;0;0;
0.000;0.000;0.000;14449.000;385936;0;0;
0.000;0.000;0.000;14450.000;385961;0;0;
0.000;0.000;0.000;14451.000;385987;0;0;
0.000;0.000;0.000;14452.000;386012;0;0;
0.000;0.000;0.000;14453.000;386038;0;0;
0.000;0.000;0.000;14454.000;386064;0;0;
0.000;0.000;0.000;14455.000;386090;0;0;
0.000;0.000;0.000;14456.000;386116;0;0;
0.000;0.000;0.000;14457.000;386142;0;0;
0.000;0.000;0.000;14458.000;386168;0;0;
0.000;0.000;0.000;14459.000;386194;0;0;
0.000;0.000;0.000;14460.000;386221;0;0;
0.000;0.000;0.000;14461.000;386247;0;0;
0.000;0.000;0.000;14462.000;386274;0;0;
0.000;0.000;0.000;14463.000;386300;0;0;
0.000;0.000;0.000;14464.000;386327;0;0;
0.000;0.000;0.000;14465.000;386354;0;0;
0.000;0.000;0.000;14466.000;386381;0;0;
0.000;0.000;0.000;14467.000;386408;0;0;
0.000;0.000;0.000;14468.000;386435;0;0;
0.000;0.000;0.000;14469.000;386463;0;0;
0.000;0.000;0.000;14470.000;386490;0;0;
0.000;0.000;0.000;14471.000;386517;0;0;
0.000;0.000;0.000;14472.000;386545;0;0;
0.000;0.000;0.000;14473.000;386573;0;0;
0.000;0.000;0.000;14474.000;386601;0;0;
0.000;0.000;0.000;14475.000;386629;0;0;
0.000;0.000;0.000;14476.000;386657;0;0;
0.000;0.000;0.000;14477.000;386685;0;0;
0.000;0.000;0.000;14478.000;386713;0;0;
0.000;0.000;0.000;14479.000;386741;0;0;
0.000;0.000;0.000;14480.000;386769;0;0;
0.000;0.000;0.000;14481.000;386798;0;0;
0.000;0.000;0.000;14482.000;386826;0;0;
0.000;0.000;0.000;14483.000;386855;0;0;
0.000;0.000;0.000;14484.000;386884;0;0;
0.000;0.000;0.000;14485.000;386913;0;0;
0.000;0.000;0.000;14486.000;386942;0;0;
0.000;0.000;0.000;14487.000;386971;0;0;
0.000;0.000;0.000;14488.000;387000;0;0;
0.000;0.000;0.000;14489.000;387029;0;0;
0.000;0.000;0.000;14490.000;387058;0;0;
0.000;0.000;0.000;14491.000;387087;0;0;
0.000;0.000;0.000;14492.000;387117;0;0;
0.000;0.000;0.000;14493.000;387146;0;0;
0.000;0.000;0.000;14494.000;387176;0;0;
0.000;0.000;0.000;14495.000;387205;0;0;
0.000;0.000;0.000;14496.000;387235;0;0;
0.000;0.000;0.000;14497.000;387265;0;0;
0.000;0.000;0.000;14498.000;387295;0;0;
0.000;0.000;0.000;14499.000;387325;0;0;
0.000;0.000;0.000;14500.000;387355;0;0;
0.000;0.000;0.000;14501.000;387385;0;0;
0.000;0.000;0.000;14502.000;387415;0;0;
0.000;0.000;0.000;14503.000;387445;0;0;
0.000;0.000;0.000;14504.000;387476;0;0;
0.000;0.000;0.000;14505.000;387506;0;0;
0.000;0.000;0.000;14506.000;387537;0;0;
0.000;0.000;0.000;14507.000;387568;0;0;
0.000;0.000;0.000;14508.000;387598;0;0;
0.000;0.000;0.000;14509.000;387629;0;0;
0.000;0.000;0.000;14510.000;387660;0;0;
0.000;0.000;0.000;14511.000;387691;0;0;
0.000;0.000;0.000;14512.000;387722;0;0;
0.000;0.000;0.000;14513.000;387753;0;0;
0.000;0.000;0.000;14514.000;387785;0;0;
0.000;0.000;0.000;14515.000;387816;0;0;
0.000;0.000;0.000;14516.000;387848;0;0;
0.000;0.000;0.000;14517.000;387879;0;0;
0.000;0.000;0.000;14518.000;387911;0;0;
0.000;0.000;0.000;14519.000;387942;0;0;
0.000;0.000;0.000;14520.000;387974;0;0;
0.000;0.000;0.000;14521.000;388006;0;0;
0.000;0.000;0.000;14522.000;388038;0;0;
0.000;0.000;0.000;14523.000;388070;0;0;
0.000;0.000;0.000;14524.000;388102;0;0;
0.000;0.000;0.000;14525.000;388134;0;0;
0.000;0.000;0.000;14526.000;388166;0;0;
0.000;0.000;0.000;14527.000;388198;0;0;
0.000;0.000;0.000;14528.000;388230;0;0;
0.000;0.000;0.000;14529.000;388263;0;0;
0.000;0.000;0.000;14530.000;388295;0;0;
0.000;0.000;0.000;14531.000;388328;0;0;
0.000;0.000;0.000;14532.000;388360;0;0;
0.000;0.000;0.000;14533.000;388393;0;0;
0.000;0.000;0.000;14534.000;388426;0;0;
0.000;0.000;0.000;14535.000;388458;0;0;
0.000;0.000;0.000;14536.000;388491;0;0;
0.000;0.000;0.000;14537.000;388524;0;0;
0.000;0.000;0.000;14538.000;388557;0;0;
0.000;0.000;0.000;14539.000;388590;0;0;
0.000;0.000;0.000;14540.000;388623;0;0;
0.000;0.000;0.000;14541.000;388656;0;0;
0.000;0.000;0.000;14542.000;388689;0;0;
0.000;0.000;0.000;14543.000;388722;0;0;
0.000;0.000;0.000;14544.000;388755;0;0;
0.000;0.000;0.000;14545.000;388788;0;0;
0.000;0.000;0.000;14546.000;388822;0;0;
0.000;0.000;0.000;14547.000;388855;0;0;
0.000;0.000;0.000;14548.000;388888;0;0;
0.000;0.000;0.000;14549.000;388922;0;0;
0.000;0.000;0.000;14550.000;388955;0;0;
0.000;0.000;0.000;14551.000;388989;0;0;
0.000;0.000;0.000;14552.000;389022;0;0;
0.000;0.000;0.000;14553.000;389056;0;0;
0.000;0.000;0.000;14554.000;389090;0;0;
0.000;0.000;0.000;14555.000;389124;0;0;
0.000;0.000;0.000;14556.000;389157;0;0;
0.000;0.000;0.000;14557.000;389191;0;0;
0.000;0.000;0.000;14558.000;389225;0;0;
0.000;0.000;0.000;14559.000;389259;0;0;
0.000;0.000;0.000;14560.000;389293;0;0;
0.000;0.000;0.000;14561.000;389327;0;0;
0.000;0.000;0.000;14562.000;389361;0;0;
0.000;0.000;0.000;14563.000;389395;0;0;
0.000;0.000;0.000;14564.000;389429;0;0;
0.000;0.000;0.000;14565.000;389463;0;0;
0.000;0.000;0.000;14566.000;389497;0;0;
0.000;0.000;0.000;14567.000;389531;0;0;
0.000;0.000;0.000;14568.000;389565;0;0;
0.000;0.000;0.000;14569.000;389599;0;0;
2728.551;3.761;0.000;14570.000;389633;0;0;
2933.427;13.944;0.000;14571.000;389668;0;0;
2995.678;25.592;0.000;14572.000;389702;0;0;
2985.262;27.009;0.000;14573.000;389736;0;0;
2982.137;38.852;0.000;14574.000;389771;0;0;
2981.421;60.098;0.000;14575.000;389805;0;0;
2994.263;98.999;0.000;14576.000;389840;0;0;
3017.743;100.000;128.000;14577.000;389874;0;0;
3009.948;100.000;128.000;14578.000;389909;0;0;
3019.408;100.000;128.000;14579.000;389943;0;0;
3013.926;100.000;128.000;14580.000;389978;0;0;
3010.442;100.000;128.000;14581.000;390013;0;0;
2997.560;100.000;128.000;14582.000;390047;0;0;
3006.216;100.000;128.000;14583.000;390082;0;0;
2999.577;100.000;128.000;14584.000;390117;0;0;
2985.931;100.000;128.000;14585.000;390152;0;0;
2989.406;100.000;128.000;14586.000;390186;0;0;
2984.803;100.000;128.000;14587.000;390221;0;0;
2987.620;100.000;128.000;14588.000;390256;0;0;
2991.291;100.000;128.000;14589.000;390291;0;0;
2985.595;100.000;128.000;14590.000;390325;0;0;
2985.732;100.000;128.000;14591.000;390360;0;0;
3017.948;100.000;128.000;14592.000;390395;0;0;
3098.175;76.044;0.000;14593.000;390430;0;0;
2730.157;14.945;0.000;14594.000;390465;0;0;
1878.346;7.497;0.000;14595.000;390500;0;0;
1860.900;7.228;0.000;14596.000;390535;0;0;
1859.034;11.258;0.000;14597.000;390570;0;0;
1865.293;8.449;0.000;14598.000;390605;0;0;
1854.402;11.209;0.000;14599.000;390640;0;0;
1867.421;12.430;0.000;14600.000;390675;0;0;
1863.652;13.065;0.000;14601.000;390710;0;0;
1861.973;15.482;0.000;14602.000;390745;0;0;
1873.418;13.504;0.000;14603.000;390780;0;0;
1871.367;12.747;0.000;14604.000;390815;0;0;
1871.343;8.083;0.000;14605.000;390851;0;0;
1870.025;5.299;0.000;14606.000;390886;0;0;
1854.058;4.664;0.000;14607.000;390921;0;0;
0.000;0.000;0.000;14608.000;390956;0;0;
2580.729;5.910;0.000;14609.000;390991;0;0;
2979.978;100.000;128.000;14610.000;391026;0;0;
2945.785;100.000;128.000;14611.000;391061;0;0;
2954.060;100.000;128.000;14612.000;391096;0;0;
2944.347;100.000;128.000;14613.000;391132;0;0;
2951.525;100.000;128.000;14614.000;391167;0;0;
2955.312;100.000;128.000;14615.000;391202;0;0;
2947.366;100.000;128.000;14616.000;391237;0;0;
2934.682;100.000;128.000;14617.000;391272;0;0;
2939.918;100.000;128.000;14618.000;391308;0;0;
2940.410;100.000;128.000;14619.000;391343;0;0;
2952.154;100.000;128.000;14620.000;391378;0;0;
2932.512;100.000;128.000;14621.000;391413;0;0;
2940.114;100.000;128.000;14622.000;391449;0;0;
2949.153;100.000;128.000;14623.000;391484;0;0;
2939.555;100.000;128.000;14624.000;391519;0;0;
2920.424;100.000;128.000;14625.000;391555;0;0;
2935.854;100.000;128.000;14626.000;391590;0;0;
2945.783;100.000;128.000;14627.000;391626;0;0;
2939.854;100.000;128.000;14628.000;391661;0;0;
2945.369;100.000;128.000;14629.000;391696;0;0;
2940.326;100.000;128.000;14630.000;391732;0;0;
2946.072;100.000;128.000;14631.000;391767;0;0;
3007.273;100.000;128.000;14632.000;391802;0;0;
2936.056;13.016;0.000;14633.000;391838;0;0;
1835.062;20.464;0.000;14634.000;391873;0;0;
1869.565;20.098;0.000;14635.000;391908;0;0;
1873.625;45.250;0.000;14636.000;391944;0;0;
1884.049;29.280;0.000;14637.000;391979;0;0;
1864.972;89.768;0.000;14638.000;392014;0;0;
1865.870;73.846;0.000;14639.000;392050;0;0;
1866.219;34.042;0.000;14640.000;392085;0;0;
1868.892;39.976;0.000;14641.000;392121;0;0;
1872.201;28.669;0.000;14642.000;392156;0;0;
1863.203;32.698;0.000;14643.000;392192;0;0;
1863.225;29.792;0.000;14644.000;392227;0;0;
1856.407;20.586;0.000;14645.000;392263;0;0;
1862.260;12.601;0.000;14646.000;392298;0;0;
1845.140;14.774;0.000;14647.000;392334;0;0;
2823.991;14.237;0.000;14648.000;392369;0;0;
2990.300;100.000;128.000;14649.000;392405;0;0;
2942.562;100.000;128.000;14650.000;392440;0;0;
2941.653;100.000;128.000;14651.000;392476;0;0;
2929.534;100.000;128.000;14652.000;392511;0;0;
2943.095;100.000;128.000;14653.000;392547;0;0;
2925.963;100.000;128.000;14654.000;392582;0;0;
2937.151;100.000;128.000;14655.000;392618;0;0;
2922.098;100.000;128.000;14656.000;392653;0;0;
2922.766;100.000;128.000;14657.000;392689;0;0;
2929.588;100.000;128.000;14658.000;392724;0;0;
2917.176;100.000;128.000;14659.000;392760;0;0;
2926.848;100.000;128.000;14660.000;392795;0;0;
2945.040;100.000;128.000;14661.000;392831;0;0;
2941.107;100.000;128.000;14662.000;392866;0;0;
2938.540;100.000;128.000;14663.000;392902;0;0;
2929.675;100.000;128.000;14664.000;392937;0;0;
2931.761;100.000;128.000;14665.000;392973;0;0;
2935.898;100.000;128.000;14666.000;393008;0;0;
2936.645;100.000;128.000;14667.000;393044;0;0;
2939.624;100.000;128.000;14668.000;393079;0;0;
2934.826;100.000;128.000;14669.000;393114;0;0;
2936.265;100.000;128.000;14670.000;393150;0;0;
3011.107;100.000;128.000;14671.000;393185;0;0;
2933.800;17.363;0.000;14672.000;393221;0;0;
1860.114;18.193;0.000;14673.000;393256;0;0;
1877.171;22.442;0.000;14674.000;393291;0;0;
1870.512;47.009;0.000;14675.000;393327;0;0;
1882.205;22.857;0.000;14676.000;393362;0;0;
1872.365;24.908;0.000;14677.000;393397;0;0;
1870.715;98.999;0.000;14678.000;393433;0;0;
1870.871;78.071;0.000;14679.000;393468;0;0;
1859.346;70.623;0.000;14680.000;393504;0;0;
1879.911;39.145;0.000;14681.000;393539;0;0;
1867.564;31.111;0.000;14682.000;393574;0;0;
1863.919;57.216;0.000;14683.000;393610;0;0;
1866.644;48.620;0.000;14684.000;393645;0;0;
1851.247;33.724;0.000;14685.000;393680;0;0;
1874.478;15.824;0.000;14686.000;393716;0;0;
2732.943;17.387;0.000;14687.000;393751;0;0;
3008.312;100.000;128.000;14688.000;393787;0;0;
2938.415;100.000;128.000;14689.000;393822;0;0;
2933.931;100.000;128.000;14690.000;393857;0;0;
2935.069;100.000;128.000;14691.000;393893;0;0;
2933.806;100.000;128.000;14692.000;393928;0;0;
2927.052;100.000;128.000;14693.000;393963;0;0;
2922.644;100.000;128.000;14694.000;393999;0;0;
2921.726;100.000;128.000;14695.000;394034;0;0;
2936.929;100.000;128.000;14696.000;394069;0;0;
2936.949;100.000;128.000;14697.000;394105;0;0;
2929.959;100.000;128.000;14698.000;394140;0;0;
2924.637;100.000;128.000;14699.000;394175;0;0;
2924.509;100.000;128.000;14700.000;394210;0;0;
2927.703;100.000;128.000;14701.000;394246;0;0;
2933.092;100.000;128.000;14702.000;394281;0;0;
2933.460;100.000;128.000;14703.000;394316;0;0;
2932.484;100.000;128.000;14704.000;394351;0;0;
2937.290;100.000;128.000;14705.000;394387;0;0;
2936.011;100.000;128.000;14706.000;394422;0;0;
2925.941;100.000;128.000;14707.000;394457;0;0;
2945.826;100.000;128.000;14708.000;394492;0;0;
2948.715;100.000;128.000;14709.000;394528;0;0;
3038.683;67.717;0.000;14710.000;394563;0;0;
1874.545;11.062;0.000;14711.000;394598;0;0;
1874.571;13.358;0.000;14712.000;394634;0;0;
1859.869;20.049;0.000;14713.000;394669;0;0;
1873.587;32.479;0.000;14714.000;394704;0;0;
1871.953;30.256;0.000;14715.000;394739;0;0;
1866.862;26.716;0.000;14716.000;394775;0;0;
1863.739;28.449;0.000;14717.000;394810;0;0;
1861.927;29.670;0.000;14718.000;394845;0;0;
1859.813;34.383;0.000;14719.000;394880;0;0;
1861.353;44.249;0.000;14720.000;394915;0;0;
1863.817;26.716;0.000;14721.000;394951;0;0;
1859.313;16.630;0.000;14722.000;394986;0;0;
1860.794;15.604;0.000;14723.000;395021;0;0;
1845.621;10.720;0.000;14724.000;395056;0;0;
1975.133;7.179;0.000;14725.000;395091;0;0;
3097.816;23.077;0.000;14726.000;395126;0;0;
2965.864;100.000;128.000;14727.000;395162;0;0;
2929.498;100.000;128.000;14728.000;395197;0;0;
2922.338;100.000;128.000;14729.000;395232;0;0;
2939.094;100.000;128.000;14730.000;395267;0;0;
2931.056;100.000;128.000;14731.000;395302;0;0;
2934.535;100.000;128.000;14732.000;395337;0;0;
2932.978;100.000;128.000;14733.000;395372;0;0;
2926.246;100.000;128.000;14734.000;395407;0;0;
2927.921;100.000;128.000;14735.000;395442;0;0;
2919.015;100.000;128.000;14736.000;395477;0;0;
2935.343;100.000;128.000;14737.000;395512;0;0;
2928.077;100.000;128.000;14738.000;395548;0;0;
2923.680;100.000;128.000;14739.000;395583;0;0;
2926.188;100.000;128.000;14740.000;395618;0;0;
2930.427;100.000;128.000;14741.000;395652;0;0;
2928.530;100.000;128.000;14742.000;395688;0;0;
2930.673;100.000;128.000;14743.000;395723;0;0;
2926.392;100.000;128.000;14744.000;395757;0;0;
2926.749;100.000;128.000;14745.000;395792;0;0;
2940.688;100.000;128.000;14746.000;395827;0;0;
2938.256;100.000;128.000;14747.000;395862;0;0;
2935.864;100.000;128.000;14748.000;395897;0;0;
2996.778;100.000;128.000;14749.000;395932;0;0;
3014.051;20.659;0.000;14750.000;395967;0;0;
1849.396;8.034;0.000;14751.000;396001;0;0;
1866.414;17.753;0.000;14752.000;396036;0;0;
1884.598;7.473;0.000;14753.000;396071;0;0;
1867.535;17.241;0.000;14754.000;396106;0;0;
1868.960;31.575;0.000;14755.000;396140;0;0;
1867.439;25.372;0.000;14756.000;396175;0;0;
1859.989;26.276;0.000;14757.000;396210;0;0;
1856.769;24.469;0.000;14758.000;396244;0;0;
1862.128;24.737;0.000;14759.000;396279;0;0;
1857.599;24.127;0.000;14760.000;396314;0;0;
1859.728;19.316;0.000;14761.000;396348;0;0;
1854.500;14.310;0.000;14762.000;396383;0;0;
1855.493;13.065;0.000;14763.000;396418;0;0;
1850.831;9.475;0.000;14764.000;396452;0;0;
1868.637;8.694;0.000;14765.000;396487;0;0;
2972.959;20.342;0.000;14766.000;396522;0;0;
2997.472;100.000;128.000;14767.000;396556;0;0;
2945.734;100.000;128.000;14768.000;396591;0;0;
2947.144;100.000;128.000;14769.000;396625;0;0;
2938.252;100.000;128.000;14770.000;396660;0;0;
2936.413;100.000;128.000;14771.000;396694;0;0;
2937.786;100.000;128.000;14772.000;396729;0;0;
2931.021;100.000;128.000;14773.000;396763;0;0;
2938.487;100.000;128.000;14774.000;396798;0;0;
2940.116;100.000;128.000;14775.000;396832;0;0;
2921.702;100.000;128.000;14776.000;396867;0;0;
2936.175;100.000;128.000;14777.000;396901;0;0;
2933.296;100.000;128.000;14778.000;396935;0;0;
2936.284;100.000;128.000;14779.000;396970;0;0;
2935.610;100.000;128.000;14780.000;397004;0;0;
2930.632;100.000;128.000;14781.000;397038;0;0;
2934.612;100.000;128.000;14782.000;397073;0;0;
2941.295;100.000;128.000;14783.000;397107;0;0;
2938.442;100.000;128.000;14784.000;397141;0;0;
2950.414;100.000;128.000;14785.000;397175;0;0;
2948.905;100.000;128.000;14786.000;397210;0;0;
2954.471;100.000;128.000;14787.000;397244;0;0;
2948.322;100.000;128.000;14788.000;397278;0;0;
2953.124;100.000;128.000;14789.000;397313;0;0;
3005.490;100.000;128.000;14790.000;397347;0;0;
2946.422;16.264;0.000;14791.000;397381;0;0;
1823.314;9.499;0.000;14792.000;397415;0;0;
1856.418;12.601;0.000;14793.000;397450;0;0;
1876.876;14.823;0.000;14794.000;397484;0;0;
1869.252;17.631;0.000;14795.000;397518;0;0;
1871.778;27.766;0.000;14796.000;397552;0;0;
1866.314;33.016;0.000;14797.000;397586;0;0;
1862.013;30.696;0.000;14798.000;397620;0;0;
1856.760;22.662;0.000;14799.000;397654;0;0;
1855.432;34.383;0.000;14800.000;397688;0;0;
1860.780;25.128;0.000;14801.000;397723;0;0;
1861.436;25.446;0.000;14802.000;397756;0;0;
1856.925;26.081;0.000;14803.000;397791;0;0;
1860.254;23.077;0.000;14804.000;397825;0;0;
1850.776;14.725;0.000;14805.000;397858;0;0;
1858.252;7.790;0.000;14806.000;397892;0;0;
2922.284;11.282;0.000;14807.000;397926;0;0;
3008.401;100.000;128.000;14808.000;397960;0;0;
2950.504;100.000;128.000;14809.000;397994;0;0;
2942.624;100.000;128.000;14810.000;398028;0;0;
2943.548;100.000;128.000;14811.000;398061;0;0;
2959.825;100.000;128.000;14812.000;398095;0;0;
2945.740;100.000;128.000;14813.000;398129;0;0;
2944.401;100.000;128.000;14814.000;398163;0;0;
2932.041;100.000;128.000;14815.000;398196;0;0;
2942.300;100.000;128.000;14816.000;398230;0;0;
2938.262;100.000;128.000;14817.000;398264;0;0;
2946.280;100.000;128.000;14818.000;398297;0;0;
2936.906;100.000;128.000;14819.000;398331;0;0;
2927.671;100.000;128.000;14820.000;398365;0;0;
2937.393;100.000;128.000;14821.000;398398;0;0;
2934.536;100.000;128.000;14822.000;398432;0;0;
2936.490;100.000;128.000;14823.000;398465;0;0;
2936.666;100.000;128.000;14824.000;398499;0;0;
2942.919;100.000;128.000;14825.000;398532;0;0;
2944.179;100.000;128.000;14826.000;398566;0;0;
2941.282;100.000;128.000;14827.000;398599;0;0;
2937.136;100.000;128.000;14828.000;398633;0;0;
2936.624;100.000;128.000;14829.000;398667;0;0;
2949.023;100.000;128.000;14830.000;398700;0;0;
3002.824;100.000;128.000;14831.000;398733;0;0;
3021.581;16.532;0.000;14832.000;398767;0;0;
2466.755;7.302;0.000;14833.000;398801;0;0;
1877.208;10.672;0.000;14834.000;398834;0;0;
1878.898;5.519;0.000;14835.000;398867;0;0;
1874.539;14.383;0.000;14836.000;398901;0;0;
1870.561;47.009;0.000;14837.000;398934;0;0;
1876.483;66.203;0.000;14838.000;398968;0;0;
1870.198;54.261;0.000;14839.000;399001;0;0;
1863.869;24.737;0.000;14840.000;399034;0;0;
1863.479;28.816;0.000;14841.000;399068;0;0;
1872.378;28.791;0.000;14842.000;399101;0;0;
1866.095;46.447;0.000;14843.000;399134;0;0;
1857.372;98.999;0.000;14844.000;399168;0;0;
1853.213;35.849;0.000;14845.000;399201;0;0;
1844.114;10.232;0.000;14846.000;399234;0;0;
1851.316;9.304;0.000;14847.000;399267;0;0;
2919.387;8.352;0.000;14848.000;399301;0;0;
3009.170;56.020;0.000;14849.000;399334;0;0;
2961.865;100.000;128.000;14850.000;399367;0;0;
2939.321;100.000;128.000;14851.000;399400;0;0;
2937.866;100.000;128.000;14852.000;399433;0;0;
2942.851;100.000;128.000;14853.000;399466;0;0;
2944.057;100.000;128.000;14854.000;399500;0;0;
2957.580;100.000;128.000;14855.000;399533;0;0;
2943.097;100.000;128.000;14856.000;399566;0;0;
2951.857;100.000;128.000;14857.000;399599;0;0;
2937.004;100.000;128.000;14858.000;399632;0;0;
2940.602;100.000;128.000;14859.000;399665;0;0;
2940.559;100.000;128.000;14860.000;399698;0;0;
2938.827;100.000;128.000;14861.000;399731;0;0;
2934.803;100.000;128.000;14862.000;399764;0;0;
2934.858;100.000;128.000;14863.000;399797;0;0;
2944.270;100.000;128.000;14864.000;399830;0;0;
2953.130;100.000;128.000;14865.000;399863;0;0;
2950.721;100.000;128.000;14866.000;399896;0;0;
2930.612;100.000;128.000;14867.000;399929;0;0;
2944.037;100.000;128.000;14868.000;399962;0;0;
2945.398;100.000;128.000;14869.000;399994;0;0;
2947.214;100.000;128.000;14870.000;400027;0;0;
2963.183;100.000;128.000;14871.000;400060;0;0;
2953.027;100.000;128.000;14872.000;400093;0;0;
3017.184;98.999;0.000;14873.000;400126;0;0;
2928.911;9.304;0.000;14874.000;400159;0;0;
1870.408;11.551;0.000;14875.000;400191;0;0;
1864.467;11.990;0.000;14876.000;400224;0;0;
1869.818;15.018;0.000;14877.000;400257;0;0;
1876.451;26.374;0.000;14878.000;400290;0;0;
1874.390;22.491;0.000;14879.000;400323;0;0;
1865.660;30.427;0.000;14880.000;400355;0;0;
1858.134;26.520;0.000;14881.000;400388;0;0;
1861.700;27.473;0.000;14882.000;400421;0;0;
1856.937;30.085;0.000;14883.000;400454;0;0;
1865.957;23.590;0.000;14884.000;400486;0;0;
1861.991;17.705;0.000;14885.000;400519;0;0;
1860.618;28.059;0.000;14886.000;400552;0;0;
1843.728;14.505;0.000;14887.000;400585;0;0;
1854.159;10.379;0.000;14888.000;400617;0;0;
1866.701;10.916;0.000;14889.000;400650;0;0;
2943.337;12.576;0.000;14890.000;400683;0;0;
3015.896;100.000;128.000;14891.000;400715;0;0;
2958.173;100.000;128.000;14892.000;400748;0;0;
2947.408;100.000;128.000;14893.000;400781;0;0;
2950.227;100.000;128.000;14894.000;400813;0;0;
2939.367;100.000;128.000;14895.000;400846;0;0;
2936.933;100.000;128.000;14896.000;400879;0;0;
2951.472;100.000;128.000;14897.000;400911;0;0;
2940.092;100.000;128.000;14898.000;400944;0;0;
2937.122;100.000;128.000;14899.000;400977;0;0;
2935.740;100.000;128.000;14900.000;401009;0;0;
2934.640;100.000;128.000;14901.000;401042;0;0;
2941.584;100.000;128.000;14902.000;401075;0;0;
2948.478;100.000;128.000;14903.000;401107;0;0;
2942.432;100.000;128.000;14904.000;401140;0;0;
2954.521;100.000;128.000;14905.000;401172;0;0;
2945.637;100.000;128.000;14906.000;401205;0;0;
2948.353;100.000;128.000;14907.000;401237;0;0;
2962.172;100.000;128.000;14908.000;401270;0;0;
2953.503;100.000;128.000;14909.000;401303;0;0;
2948.646;100.000;128.000;14910.000;401335;0;0;
2962.175;100.000;128.000;14911.000;401367;0;0;
2953.039;100.000;128.000;14912.000;401400;0;0;
2956.543;100.000;128.000;14913.000;401432;0;0;
2952.188;100.000;128.000;14914.000;401465;0;0;
2996.772;100.000;128.000;14915.000;401497;0;0;
3034.756;17.167;0.000;14916.000;401530;0;0;
1988.009;7.277;0.000;14917.000;401563;0;0;
1893.039;9.866;0.000;14918.000;401595;0;0;
1868.824;15.238;0.000;14919.000;401628;0;0;
1868.113;24.591;0.000;14920.000;401660;0;0;
1875.162;19.927;0.000;14921.000;401693;0;0;
1868.570;22.002;0.000;14922.000;401725;0;0;
1865.863;38.120;0.000;14923.000;401758;0;0;
1857.773;60.562;0.000;14924.000;401790;0;0;
1862.783;30.891;0.000;14925.000;401823;0;0;
1868.826;28.694;0.000;14926.000;401855;0;0;
1878.873;18.901;0.000;14927.000;401888;0;0;
1869.068;22.686;0.000;14928.000;401921;0;0;
1861.941;13.797;0.000;14929.000;401953;0;0;
1857.965;11.722;0.000;14930.000;401986;0;0;
1855.699;9.353;0.000;14931.000;402018;0;0;
1875.190;7.106;0.000;14932.000;402051;0;0;
2919.265;11.380;0.000;14933.000;402083;0;0;
3014.271;100.000;128.000;14934.000;402116;0;0;
2952.010;100.000;128.000;14935.000;402148;0;0;
2959.233;100.000;128.000;14936.000;402181;0;0;
2953.826;100.000;128.000;14937.000;402213;0;0;
2954.383;100.000;128.000;14938.000;402246;0;0;
2940.934;100.000;128.000;14939.000;402278;0;0;
2959.444;100.000;128.000;14940.000;402311;0;0;
2941.894;100.000;128.000;14941.000;402344;0;0;
2949.239;100.000;128.000;14942.000;402376;0;0;
2948.938;100.000;128.000;14943.000;402409;0;0;
2949.687;100.000;128.000;14944.000;402441;0;0;
2945.673;100.000;128.000;14945.000;402474;0;0;
2934.671;100.000;128.000;14946.000;402507;0;0;
2935.816;100.000;128.000;14947.000;402539;0;0;
2946.274;100.000;128.000;14948.000;402572;0;0;
2943.771;100.000;128.000;14949.000;402604;0;0;
2955.566;100.000;128.000;14950.000;402637;0;0;
2944.089;100.000;128.000;14951.000;402669;0;0;
2958.446;100.000;128.000;14952.000;402702;0;0;
2957.688;100.000;128.000;14953.000;402734;0;0;
2966.695;100.000;128.000;14954.000;402767;0;0;
2960.903;100.000;128.000;14955.000;402799;0;0;
2958.863;100.000;128.000;14956.000;402831;0;0;
2991.949;100.000;128.000;14957.000;402864;0;0;
3038.051;98.999;0.000;14958.000;402896;0;0;
2940.404;9.011;0.000;14959.000;402929;0;0;
1876.136;8.645;0.000;14960.000;402961;0;0;
1865.705;11.160;0.000;14961.000;402993;0;0;
1869.829;17.998;0.000;14962.000;403025;0;0;
1873.731;26.178;0.000;14963.000;403058;0;0;
1866.204;25.983;0.000;14964.000;403090;0;0;
1866.701;38.828;0.000;14965.000;403122;0;0;
1856.273;45.397;0.000;14966.000;403154;0;0;
1852.762;38.877;0.000;14967.000;403186;0;0;
1861.679;34.481;0.000;14968.000;403218;0;0;
1860.891;38.120;0.000;14969.000;403250;0;0;
1864.635;40.952;0.000;14970.000;403282;0;0;
1863.125;26.154;0.000;14971.000;403314;0;0;
1859.698;22.271;0.000;14972.000;403346;0;0;
1850.482;19.560;0.000;14973.000;403378;0;0;
1852.236;13.529;0.000;14974.000;403410;0;0;
1838.028;11.526;0.000;14975.000;403442;0;0;
3009.470;31.990;0.000;14976.000;403474;0;0;
2964.742;100.000;128.000;14977.000;403506;0;0;
2958.827;100.000;128.000;14978.000;403538;0;0;
2948.965;100.000;128.000;14979.000;403570;0;0;
2946.566;100.000;128.000;14980.000;403602;0;0;
2945.676;100.000;128.000;14981.000;403634;0;0;
2938.780;100.000;128.000;14982.000;403666;0;0;
2938.037;100.000;128.000;14983.000;403697;0;0;
2944.832;100.000;128.000;14984.000;403729;0;0;
2938.391;100.000;128.000;14985.000;403761;0;0;
2950.247;100.000;128.000;14986.000;403793;0;0;
2937.437;100.000;128.000;14987.000;403824;0;0;
2945.890;100.000;128.000;14988.000;403856;0;0;
2947.962;100.000;128.000;14989.000;403888;0;0;
2939.904;100.000;128.000;14990.000;403919;0;0;
2938.054;100.000;128.000;14991.000;403951;0;0;
2954.225;100.000;128.000;14992.000;403983;0;0;
2942.522;100.000;128.000;14993.000;404014;0;0;
2949.427;100.000;128.000;14994.000;404046;0;0;
2947.764;100.000;128.000;14995.000;404077;0;0;
2953.746;100.000;128.000;14996.000;404109;0;0;
2950.386;100.000;128.000;14997.000;404140;0;0;
2947.082;100.000;128.000;14998.000;404172;0;0;
2953.670;100.000;128.000;14999.000;404203;0;0;
2963.138;100.000;128.000;15000.000;404234;0;0;
3010.241;100.000;128.000;15001.000;404266;0;0;
2902.646;12.112;0.000;15002.000;404297;0;0;
1897.814;6.667;0.000;15003.000;404328;0;0;
1882.902;6.838;0.000;15004.000;404360;0;0;
1875.135;11.233;0.000;15005.000;404391;0;0;
1873.824;17.216;0.000;15006.000;404422;0;0;
1869.121;16.899;0.000;15007.000;404453;0;0;
1871.571;22.125;0.000;15008.000;404484;0;0;
1869.765;34.090;0.000;15009.000;404515;0;0;
1866.061;87.814;0.000;15010.000;404547;0;0;
1865.326;53.382;0.000;15011.000;404577;0;0;
1869.118;32.796;0.000;15012.000;404608;0;0;
1870.271;27.253;0.000;15013.000;404639;0;0;
1862.631;21.612;0.000;15014.000;404670;0;0;
1863.705;22.637;0.000;15015.000;404701;0;0;
1852.510;17.851;0.000;15016.000;404732;0;0;
1849.376;8.816;0.000;15017.000;404763;0;0;
1885.374;7.448;0.000;15018.000;404794;0;0;
2935.698;11.746;0.000;15019.000;404825;0;0;
3016.438;100.000;128.000;15020.000;404856;0;0;
2958.888;100.000;128.000;15021.000;404887;0;0;
2961.094;100.000;128.000;15022.000;404918;0;0;
2969.048;100.000;128.000;15023.000;404949;0;0;
2958.090;100.000;128.000;15024.000;404979;0;0;
2948.662;100.000;128.000;15025.000;405010;0;0;
2955.583;100.000;128.000;15026.000;405041;0;0;
2957.696;100.000;128.000;15027.000;405071;0;0;
2945.872;100.000;128.000;15028.000;405102;0;0;
2949.533;100.000;128.000;15029.000;405133;0;0;
2955.934;100.000;128.000;15030.000;405164;0;0;
2955.813;100.000;128.000;15031.000;405194;0;0;
2950.322;100.000;128.000;15032.000;405225;0;0;
2940.515;100.000;128.000;15033.000;405255;0;0;
2941.771;100.000;128.000;15034.000;405286;0;0;
2943.632;100.000;128.000;15035.000;405316;0;0;
2953.447;100.000;128.000;15036.000;405347;0;0;
2949.951;100.000;128.000;15037.000;405377;0;0;
2951.392;100.000;128.000;15038.000;405408;0;0;
2954.313;100.000;128.000;15039.000;405438;0;0;
2955.383;100.000;128.000;15040.000;405469;0;0;
2942.063;100.000;128.000;15041.000;405499;0;0;
2944.840;100.000;128.000;15042.000;405530;0;0;
2954.221;100.000;128.000;15043.000;405560;0;0;
2953.945;100.000;128.000;15044.000;405591;0;0;
2985.192;100.000;128.000;15045.000;405621;0;0;
2995.986;100.000;128.000;15046.000;405651;0;0;
3023.975;30.818;0.000;15047.000;405682;0;0;
2925.167;7.717;0.000;15048.000;405712;0;0;
1890.960;5.641;0.000;15049.000;405742;0;0;
1874.541;7.668;0.000;15050.000;405773;0;0;
1872.427;16.166;0.000;15051.000;405803;0;0;
1876.153;32.088;0.000;15052.000;405833;0;0;
1874.333;48.889;0.000;15053.000;405864;0;0;
1873.807;34.188;0.000;15054.000;405894;0;0;
1870.577;22.955;0.000;15055.000;405924;0;0;
1870.926;27.204;0.000;15056.000;405955;0;0;
1868.282;42.149;0.000;15057.000;405985;0;0;
1867.017;45.299;0.000;15058.000;406015;0;0;
1874.250;17.021;0.000;15059.000;406046;0;0;
1867.197;16.801;0.000;15060.000;406076;0;0;
1866.525;9.133;0.000;15061.000;406106;0;0;
1867.240;10.672;0.000;15062.000;406136;0;0;
1892.940;11.844;0.000;15063.000;406167;0;0;
1849.247;15.311;0.000;15064.000;406197;0;0;
2947.454;10.183;0.000;15065.000;406227;0;0;
3006.048;100.000;128.000;15066.000;406257;0;0;
2951.231;100.000;128.000;15067.000;406288;0;0;
2966.633;100.000;128.000;15068.000;406318;0;0;
2961.125;100.000;128.000;15069.000;406348;0;0;
2957.635;100.000;128.000;15070.000;406379;0;0;
2957.501;100.000;128.000;15071.000;406409;0;0;
2962.214;100.000;128.000;15072.000;406439;0;0;
2960.916;100.000;128.000;15073.000;406469;0;0;
2959.930;100.000;128.000;15074.000;406500;0;0;
2960.462;100.000;128.000;15075.000;406530;0;0;
2949.633;100.000;128.000;15076.000;406560;0;0;
2949.899;100.000;128.000;15077.000;406590;0;0;
2940.455;100.000;128.000;15078.000;406621;0;0;
2951.237;100.000;128.000;15079.000;406651;0;0;
2941.356;100.000;128.000;15080.000;406681;0;0;
2936.310;100.000;128.000;15081.000;406711;0;0;
2937.604;100.000;128.000;15082.000;406742;0;0;
2933.575;100.000;128.000;15083.000;406772;0;0;
2936.485;100.000;128.000;15084.000;406802;0;0;
2958.010;100.000;128.000;15085.000;406832;0;0;
2953.438;100.000;128.000;15086.000;406863;0;0;
2947.665;100.000;128.000;15087.000;406893;0;0;
2945.997;100.000;128.000;15088.000;406923;0;0;
2952.527;100.000;128.000;15089.000;406953;0;0;
2960.207;100.000;128.000;15090.000;406983;0;0;
2991.654;100.000;128.000;15091.000;407014;0;0;
2979.573;49.548;0.000;15092.000;407044;0;0;
2891.862;10.940;0.000;15093.000;407074;0;0;
1868.311;35.482;0.000;15094.000;407104;0;0;
1889.198;41.880;0.000;15095.000;407134;0;0;
1896.832;41.319;0.000;15096.000;407165;0;0;
1920.310;23.614;0.000;15097.000;407195;0;0;
1880.729;12.308;0.000;15098.000;407225;0;0;
1872.975;16.923;0.000;15099.000;407255;0;0;
1871.118;19.658;0.000;15100.000;407285;0;0;
1860.600;16.508;0.000;15101.000;407316;0;0;
1865.142;16.874;0.000;15102.000;407346;0;0;
1867.635;16.874;0.000;15103.000;407376;0;0;
1870.291;15.385;0.000;15104.000;407406;0;0;
1863.200;13.211;0.000;15105.000;407436;0;0;
1863.036;12.430;0.000;15106.000;407467;0;0;
1856.862;10.452;0.000;15107.000;407497;0;0;
1855.881;6.520;0.000;15108.000;407527;0;0;
1880.272;6.300;0.000;15109.000;407557;0;0;
2920.849;7.375;0.000;15110.000;407587;0;0;
3031.610;100.000;128.000;15111.000;407617;0;0;
2964.772;100.000;128.000;15112.000;407648;0;0;
2951.633;100.000;128.000;15113.000;407677;0;0;
2962.073;100.000;128.000;15114.000;407708;0;0;
2966.967;100.000;128.000;15115.000;407738;0;0;
2979.285;100.000;128.000;15116.000;407768;0;0;
2968.706;100.000;128.000;15117.000;407798;0;0;
2957.989;100.000;128.000;15118.000;407828;0;0;
2957.686;100.000;128.000;15119.000;407858;0;0;
2963.612;100.000;128.000;15120.000;407888;0;0;
2962.529;100.000;128.000;15121.000;407918;0;0;
2944.674;100.000;128.000;15122.000;407948;0;0;
2943.661;100.000;128.000;15123.000;407978;0;0;
2970.778;100.000;128.000;15124.000;408008;0;0;
2955.566;100.000;128.000;15125.000;408038;0;0;
2962.080;100.000;128.000;15126.000;408068;0;0;
2950.758;100.000;128.000;15127.000;408098;0;0;
2938.710;100.000;128.000;15128.000;408128;0;0;
2949.731;100.000;128.000;15129.000;408158;0;0;
2969.258;100.000;128.000;15130.000;408188;0;0;
2967.789;100.000;128.000;15131.000;408218;0;0;
2963.123;100.000;128.000;15132.000;408248;0;0;
2967.687;100.000;128.000;15133.000;408277;0;0;
2986.216;100.000;128.000;15134.000;408307;0;0;
2980.231;100.000;128.000;15135.000;408337;0;0;
2979.930;100.000;128.000;15136.000;408367;0;0;
2981.964;100.000;128.000;15137.000;408397;0;0;
2911.432;23.980;0.000;15138.000;408427;0;0;
2911.479;6.740;0.000;15139.000;408457;0;0;
0.000;0.000;0.000;15140.000;408487;0;0;
0.000;0.000;0.000;15141.000;408517;0;0;
1882.820;3.370;0.000;15142.000;408547;0;0;
1875.212;3.834;0.000;15143.000;408576;0;0;
1879.726;5.665;0.000;15144.000;408606;0;0;
1879.816;8.205;0.000;15145.000;408636;0;0;
1856.902;8.987;0.000;15146.000;408666;0;0;
1862.582;8.596;0.000;15147.000;408696;0;0;
1861.163;8.889;0.000;15148.000;408726;0;0;
1856.580;10.696;0.000;15149.000;408755;0;0;
1862.425;8.474;0.000;15150.000;408785;0;0;
1849.475;9.695;0.000;15151.000;408815;0;0;
1853.518;6.032;0.000;15152.000;408845;0;0;
1864.938;5.714;0.000;15153.000;408874;0;0;
1857.872;5.861;0.000;15154.000;408904;0;0;
1846.696;4.689;0.000;15155.000;408934;0;0;
2259.701;4.982;0.000;15156.000;408964;0;0;
3067.467;72.625;0.000;15157.000;408993;0;0;
3015.604;100.000;128.000;15158.000;409023;0;0;
2990.528;100.000;128.000;15159.000;409052;0;0;
2983.824;100.000;128.000;15160.000;409082;0;0;
2998.984;100.000;128.000;15161.000;409112;0;0;
2992.294;100.000;128.000;15162.000;409141;0;0;
2994.193;100.000;128.000;15163.000;409171;0;0;
3007.464;100.000;128.000;15164.000;409200;0;0;
2995.567;100.000;128.000;15165.000;409230;0;0;
2997.651;100.000;128.000;15166.000;409259;0;0;
2989.056;100.000;128.000;15167.000;409289;0;0;
2980.619;100.000;128.000;15168.000;409318;0;0;
2981.030;100.000;128.000;15169.000;409348;0;0;
2985.497;100.000;128.000;15170.000;409377;0;0;
2991.376;100.000;128.000;15171.000;409406;0;0;
2995.082;100.000;128.000;15172.000;409436;0;0;
3005.008;100.000;128.000;15173.000;409465;0;0;
3007.146;100.000;128.000;15174.000;409494;0;0;
2986.628;100.000;128.000;15175.000;409523;0;0;
2973.970;100.000;128.000;15176.000;409553;0;0;
2984.345;100.000;128.000;15177.000;409582;0;0;
2983.902;100.000;128.000;15178.000;409611;0;0;
2998.032;100.000;128.000;15179.000;409640;0;0;
2982.036;100.000;128.000;15180.000;409669;0;0;
2988.980;100.000;128.000;15181.000;409698;0;0;
2996.776;100.000;128.000;15182.000;409728;0;0;
3009.456;100.000;128.000;15183.000;409756;0;0;
2993.822;100.000;128.000;15184.000;409785;0;0;
2957.404;73.138;0.000;15185.000;409814;0;0;
2671.092;9.109;0.000;15186.000;409843;0;0;
2314.703;2.662;0.000;15187.000;409872;0;0;
0.000;0.000;0.000;15188.000;409901;0;0;
0.000;0.000;0.000;15189.000;409930;0;0;
0.000;0.000;0.000;15190.000;409959;0;0;
0.000;0.000;0.000;15191.000;409988;0;0;
0.000;0.000;0.000;15192.000;410017;0;0;
0.000;0.000;0.000;15193.000;410046;0;0;
0.000;0.000;0.000;15194.000;410074;0;0;
0.000;0.000;0.000;15195.000;410103;0;0;
0.000;0.000;0.000;15196.000;410132;0;0;
0.000;0.000;0.000;15197.000;410161;0;0;
0.000;0.000;0.000;15198.000;410189;0;0;
0.000;0.000;0.000;15199.000;410218;0;0;
0.000;0.000;0.000;15200.000;410247;0;0;
0.000;0.000;0.000;15201.000;410275;0;0;
0.000;0.000;0.000;15202.000;410304;0;0;
0.000;0.000;0.000;15203.000;410332;0;0;
0.000;0.000;0.000;15204.000;410361;0;0;
0.000;0.000;0.000;15205.000;410389;0;0;
0.000;0.000;0.000;15206.000;410418;0;0;
0.000;0.000;0.000;15207.000;410446;0;0;
0.000;0.000;0.000;15208.000;410475;0;0;
0.000;0.000;0.000;15209.000;410503;0;0;
0.000;0.000;0.000;15210.000;410531;0;0;
0.000;0.000;0.000;15211.000;410560;0;0;
0.000;0.000;0.000;15212.000;410588;0;0;
0.000;0.000;0.000;15213.000;410616;0;0;
0.000;0.000;0.000;15214.000;410644;0;0;
0.000;0.000;0.000;15215.000;410672;0;0;
0.000;0.000;0.000;15216.000;410701;0;0;
0.000;0.000;0.000;15217.000;410729;0;0;
0.000;0.000;0.000;15218.000;410757;0;0;
0.000;0.000;0.000;15219.000;410785;0;0;
0.000;0.000;0.000;15220.000;410813;0;0;
0.000;0.000;0.000;15221.000;410841;0;0;
0.000;0.000;0.000;15222.000;410869;0;0;
0.000;0.000;0.000;15223.000;410896;0;0;
0.000;0.000;0.000;15224.000;410924;0;0;
0.000;0.000;0.000;15225.000;410952;0;0;
0.000;0.000;0.000;15226.000;410980;0;0;
0.000;0.000;0.000;15227.000;411008;0;0;
0.000;0.000;0.000;15228.000;411035;0;0;
0.000;0.000;0.000;15229.000;411063;0;0;
0.000;0.000;0.000;15230.000;411090;0;0;
0.000;0.000;0.000;15231.000;411118;0;0;
0.000;0.000;0.000;15232.000;411146;0;0;
0.000;0.000;0.000;15233.000;411173;0;0;
0.000;0.000;0.000;15234.000;411200;0;0;
0.000;0.000;0.000;15235.000;411228;0;0;
0.000;0.000;0.000;15236.000;411255;0;0;
0.000;0.000;0.000;15237.000;411282;0;0;
0.000;0.000;0.000;15238.000;411310;0;0;
0.000;0.000;0.000;15239.000;411337;0;0;
0.000;0.000;0.000;15240.000;411364;0;0;
0.000;0.000;0.000;15241.000;411391;0;0;
0.000;0.000;0.000;15242.000;411418;0;0;
0.000;0.000;0.000;15243.000;411445;0;0;
0.000;0.000;0.000;15244.000;411472;0;0;
0.000;0.000;0.000;15245.000;411499;0;0;
0.000;0.000;0.000;15246.000;411526;0;0;
0.000;0.000;0.000;15247.000;411552;0;0;
0.000;0.000;0.000;15248.000;411579;0;0;
0.000;0.000;0.000;15249.000;411606;0;0;
0.000;0.000;0.000;15250.000;411632;0;0;
0.000;0.000;0.000;15251.000;411659;0;0;
0.000;0.000;0.000;15252.000;411685;0;0;
0.000;0.000;0.000;15253.000;411712;0;0;
0.000;0.000;0.000;15254.000;411738;0;0;
0.000;0.000;0.000;15255.000;411765;0;0;
0.000;0.000;0.000;15256.000;411791;0;0;
0.000;0.000;0.000;15257.000;411817;0;0;
0.000;0.000;0.000;15258.000;411843;0;0;
0.000;0.000;0.000;15259.000;411869;0;0;
0.000;0.000;0.000;15260.000;411895;0;0;
0.000;0.000;0.000;15261.000;411922;0;0;
0.000;0.000;0.000;15262.000;411948;0;0;
0.000;0.000;0.000;15263.000;411973;0;0;
0.000;0.000;0.000;15264.000;411999;0;0;
0.000;0.000;0.000;15265.000;412025;0;0;
0.000;0.000;0.000;15266.000;412051;0;0;
0.000;0.000;0.000;15267.000;412076;0;0;
0.000;0.000;0.000;15268.000;412102;0;0;
0.000;0.000;0.000;15269.000;412128;0;0;
0.000;0.000;0.000;15270.000;412153;0;0;
0.000;0.000;0.000;15271.000;412179;0;0;
0.000;0.000;0.000;15272.000;412204;0;0;
0.000;0.000;0.000;15273.000;412230;0;0;
0.000;0.000;0.000;15274.000;412255;0;0;
0.000;0.000;0.000;15275.000;412280;0;0;
0.000;0.000;0.000;15276.000;412305;0;0;
0.000;0.000;0.000;15277.000;412330;0;0;
0.000;0.000;0.000;15278.000;412355;0;0;
0.000;0.000;0.000;15279.000;412380;0;0;
0.000;0.000;0.000;15280.000;412405;0;0;
0.000;0.000;0.000;15281.000;412430;0;0;
0.000;0.000;0.000;15282.000;412455;0;0;
0.000;0.000;0.000;15283.000;412480;0;0;
0.000;0.000;0.000;15284.000;412504;0;0;
0.000;0.000;0.000;15285.000;412529;0;0;
0.000;0.000;0.000;15286.000;412554;0;0;
0.000;0.000;0.000;15287.000;412578;0;0;
0.000;0.000;0.000;15288.000;412602;0;0;
0.000;0.000;0.000;15289.000;412627;0;0;
0.000;0.000;0.000;15290.000;412651;0;0;
0.000;0.000;0.000;15291.000;412675;0;0;
0.000;0.000;0.000;15292.000;412699;0;0;
0.000;0.000;0.000;15293.000;412723;0;0;
0.000;0.000;0.000;15294.000;412747;0;0;
0.000;0.000;0.000;15295.000;412771;0;0;
0.000;0.000;0.000;15296.000;412795;0;0;
0.000;0.000;0.000;15297.000;412819;0;0;
0.000;0.000;0.000;15298.000;412843;0;0;
0.000;0.000;0.000;15299.000;412866;0;0;
0.000;0.000;0.000;15300.000;412890;0;0;
0.000;0.000;0.000;15301.000;412913;0;0;
0.000;0.000;0.000;15302.000;412937;0;0;
0.000;0.000;0.000;15303.000;412960;0;0;
0.000;0.000;0.000;15304.000;412983;0;0;
0.000;0.000;0.000;15305.000;413006;0;0;
0.000;0.000;0.000;15306.000;413030;0;0;
0.000;0.000;0.000;15307.000;413053;0;0;
0.000;0.000;0.000;15308.000;413076;0;0;
0.000;0.000;0.000;15309.000;413098;0;0;
0.000;0.000;0.000;15310.000;413121;0;0;
0.000;0.000;0.000;15311.000;413144;0;0;
0.000;0.000;0.000;15312.000;413167;0;0;
0.000;0.000;0.000;15313.000;413189;0;0;
0.000;0.000;0.000;15314.000;413212;0;0;
0.000;0.000;0.000;15315.000;413234;0;0;
0.000;0.000;0.000;15316.000;413257;0;0;
0.000;0.000;0.000;15317.000;413279;0;0;
0.000;0.000;0.000;15318.000;413301;0;0;
0.000;0.000;0.000;15319.000;413323;0;0;
0.000;0.000;0.000;15320.000;413346;0;0;
0.000;0.000;0.000;15321.000;413367;0;0;
0.000;0.000;0.000;15322.000;413389;0;0;
0.000;0.000;0.000;15323.000;413411;0;0;
0.000;0.000;0.000;15324.000;413433;0;0;
0.000;0.000;0.000;15325.000;413454;0;0;
0.000;0.000;0.000;15326.000;413476;0;0;
0.000;0.000;0.000;15327.000;413498;0;0;
0.000;0.000;0.000;15328.000;413519;0;0;
0.000;0.000;0.000;15329.000;413540;0;0;
0.000;0.000;0.000;15330.000;413562;0;0;
0.000;0.000;0.000;15331.000;413583;0;0;
0.000;0.000;0.000;15332.000;413604;0;0;
0.000;0.000;0.000;15333.000;413625;0;0;
0.000;0.000;0.000;15334.000;413646;0;0;
0.000;0.000;0.000;15335.000;413667;0;0;
0.000;0.000;0.000;15336.000;413687;0;0;
0.000;0.000;0.000;15337.000;413708;0;0;
0.000;0.000;0.000;15338.000;413728;0;0;
0.000;0.000;0.000;15339.000;413749;0;0;
0.000;0.000;0.000;15340.000;413769;0;0;
0.000;0.000;0.000;15341.000;413789;0;0;
0.000;0.000;0.000;15342.000;413810;0;0;
0.000;0.000;0.000;15343.000;413830;0;0;
0.000;0.000;0.000;15344.000;413850;0;0;
0.000;0.000;0.000;15345.000;413870;0;0;
0.000;0.000;0.000;15346.000;413889;0;0;
0.000;0.000;0.000;15347.000;413909;0;0;
0.000;0.000;0.000;15348.000;413929;0;0;
0.000;0.000;0.000;15349.000;413948;0;0;
0.000;0.000;0.000;15350.000;413968;0;0;
0.000;0.000;0.000;15351.000;413987;0;0;
0.000;0.000;0.000;15352.000;414006;0;0;
0.000;0.000;0.000;15353.000;414026;0;0;
0.000;0.000;0.000;15354.000;414045;0;0;
0.000;0.000;0.000;15355.000;414064;0;0;
0.000;0.000;0.000;15356.000;414082;0;0;
0.000;0.000;0.000;15357.000;414101;0;0;
0.000;0.000;0.000;15358.000;414120;0;0;
0.000;0.000;0.000;15359.000;414138;0;0;
0.000;0.000;0.000;15360.000;414157;0;0;
0.000;0.000;0.000;15361.000;414175;0;0;
0.000;0.000;0.000;15362.000;414193;0;0;
0.000;0.000;0.000;15363.000;414212;0;0;
0.000;0.000;0.000;15364.000;414230;0;0;
0.000;0.000;0.000;15365.000;414248;0;0;
0.000;0.000;0.000;15366.000;414265;0;0;
0.000;0.000;0.000;15367.000;414283;0;0;
0.000;0.000;0.000;15368.000;414301;0;0;
0.000;0.000;0.000;15369.000;414318;0;0;
0.000;0.000;0.000;15370.000;414335;0;0;
0.000;0.000;0.000;15371.000;414353;0;0;
0.000;0.000;0.000;15372.000;414370;0;0;
0.000;0.000;0.000;15373.000;414387;0;0;
0.000;0.000;0.000;15374.000;414404;0;0;
0.000;0.000;0.000;15375.000;414420;0;0;
0.000;0.000;0.000;15376.000;414437;0;0;
0.000;0.000;0.000;15377.000;414454;0;0;
0.000;0.000;0.000;15378.000;414470;0;0;
0.000;0.000;0.000;15379.000;414486;0;0;
0.000;0.000;0.000;15380.000;414503;0;0;
0.000;0.000;0.000;15381.000;414519;0;0;
0.000;0.000;0.000;15382.000;414534;0;0;
0.000;0.000;0.000;15383.000;414550;0;0;
0.000;0.000;0.000;15384.000;414566;0;0;
0.000;0.000;0.000;15385.000;414582;0;0;
0.000;0.000;0.000;15386.000;414597;0;0;
0.000;0.000;0.000;15387.000;414612;0;0;
0.000;0.000;0.000;15388.000;414628;0;0;
0.000;0.000;0.000;15389.000;414643;0;0;
0.000;0.000;0.000;15390.000;414657;0;0;
0.000;0.000;0.000;15391.000;414672;0;0;
0.000;0.000;0.000;15392.000;414687;0;0;
0.000;0.000;0.000;15393.000;414701;0;0;
0.000;0.000;0.000;15394.000;414716;0;0;
0.000;0.000;0.000;15395.000;414730;0;0;
0.000;0.000;0.000;15396.000;414744;0;0;
0.000;0.000;0.000;15397.000;414758;0;0;
0.000;0.000;0.000;15398.000;414772;0;0;
0.000;0.000;0.000;15399.000;414786;0;0;
0.000;0.000;0.000;15400.000;414800;0;0;
0.000;0.000;0.000;15401.000;414813;0;0;
0.000;0.000;0.000;15402.000;414827;0;0;
0.000;0.000;0.000;15403.000;414840;0;0;
0.000;0.000;0.000;15404.000;414853;0;0;
0.000;0.000;0.000;15405.000;414866;0;0;
0.000;0.000;0.000;15406.000;414879;0;0;
0.000;0.000;0.000;15407.000;414892;0;0;
0.000;0.000;0.000;15408.000;414904;0;0;
0.000;0.000;0.000;15409.000;414917;0;0;
0.000;0.000;0.000;15410.000;414929;0;0;
0.000;0.000;0.000;15411.000;414941;0;0;
0.000;0.000;0.000;15412.000;414953;0;0;
0.000;0.000;0.000;15413.000;414965;0;0;
0.000;0.000;0.000;15414.000;414977;0;0;
0.000;0.000;0.000;15415.000;414989;0;0;
0.000;0.000;0.000;15416.000;415000;0;0;
0.000;0.000;0.000;15417.000;415012;0;0;
0.000;0.000;0.000;15418.000;415023;0;0;
0.000;0.000;0.000;15419.000;415034;0;0;
0.000;0.000;0.000;15420.000;415045;0;0;
0.000;0.000;0.000;15421.000;415056;0;0;
0.000;0.000;0.000;15422.000;415066;0;0;
0.000;0.000;0.000;15423.000;415077;0;0;
0.000;0.000;0.000;15424.000;415088;0;0;
0.000;0.000;0.000;15425.000;415098;0;0;
0.000;0.000;0.000;15426.000;415108;0;0;
0.000;0.000;0.000;15427.000;415118;0;0;
0.000;0.000;0.000;15428.000;415128;0;0;
0.000;0.000;0.000;15429.000;415138;0;0;
0.000;0.000;0.000;15430.000;415147;0;0;
0.000;0.000;0.000;15431.000;415157;0;0;
0.000;0.000;0.000;15432.000;415166;0;0;
0.000;0.000;0.000;15433.000;415175;0;0;
0.000;0.000;0.000;15434.000;415185;0;0;
0.000;0.000;0.000;15435.000;415194;0;0;
0.000;0.000;0.000;15436.000;415203;0;0;
0.000;0.000;0.000;15437.000;415211;0;0;
0.000;0.000;0.000;15438.000;415220;0;0;
0.000;0.000;0.000;15439.000;415228;0;0;
0.000;0.000;0.000;15440.000;415237;0;0;
0.000;0.000;0.000;15441.000;415245;0;0;
0.000;0.000;0.000;15442.000;415253;0;0;
0.000;0.000;0.000;15443.000;415261;0;0;
0.000;0.000;0.000;15444.000;415269;0;0;
0.000;0.000;0.000;15445.000;415276;0;0;
0.000;0.000;0.000;15446.000;415284;0;0;
0.000;0.000;0.000;15447.000;415291;0;0;
0.000;0.000;0.000;15448.000;415298;0;0;
0.000;0.000;0.000;15449.000;415305;0;0;
0.000;0.000;0.000;15450.000;415312;0;0;
0.000;0.000;0.000;15451.000;415319;0;0;
0.000;0.000;0.000;15452.000;415326;0;0;
0.000;0.000;0.000;15453.000;415332;0;0;
0.000;0.000;0.000;15454.000;415339;0;0;
0.000;0.000;0.000;15455.000;415345;0;0;
0.000;0.000;0.000;15456.000;415351;0;0;
0.000;0.000;0.000;15457.000;415357;0;0;
0.000;0.000;0.000;15458.000;415363;0;0;
0.000;0.000;0.000;15459.000;415369;0;0;
0.000;0.000;0.000;15460.000;415375;0;0;
0.000;0.000;0.000;15461.000;415380;0;0;
0.000;0.000;0.000;15462.000;415386;0;0;
0.000;0.000;0.000;15463.000;415391;0;0;
0.000;0.000;0.000;15464.000;415396;0;0;
0.000;0.000;0.000;15465.000;415401;0;0;
0.000;0.000;0.000;15466.000;415405;0;0;
0.000;0.000;0.000;15467.000;415410;0;0;
0.000;0.000;0.000;15468.000;415414;0;0;
0.000;0.000;0.000;15469.000;415419;0;0;
0.000;0.000;0.000;15470.000;415423;0;0;
0.000;0.000;0.000;15471.000;415427;0;0;
0.000;0.000;0.000;15472.000;415431;0;0;
0.000;0.000;0.000;15473.000;415435;0;0;
0.000;0.000;0.000;15474.000;415438;0;0;
0.000;0.000;0.000;15475.000;415442;0;0;
0.000;0.000;0.000;15476.000;415445;0;0;
0.000;0.000;0.000;15477.000;415448;0;0;
0.000;0.000;0.000;15478.000;415451;0;0;
0.000;0.000;0.000;15479.000;415454;0;0;
0.000;0.000;0.000;15480.000;415457;0;0;
0.000;0.000;0.000;15481.000;415460;0;0;
0.000;0.000;0.000;15482.000;415462;0;0;
0.000;0.000;0.000;15483.000;415465;0;0;
0.000;0.000;0.000;15484.000;415467;0;0;
0.000;0.000;0.000;15485.000;415469;0;0;
0.000;0.000;0.000;15486.000;415471;0;0;
0.000;0.000;0.000;15487.000;415472;0;0;
0.000;0.000;0.000;15488.000;415474;0;0;
0.000;0.000;0.000;15489.000;415475;0;0;
0.000;0.000;0.000;15490.000;415476;0;0;
0.000;0.000;0.000;15491.000;415478;0;0;
0.000;0.000;0.000;15492.000;415479;0;0;
0.000;0.000;0.000;15493.000;415479;0;0;
0.000;0.000;0.000;15494.000;415480;0;0;
0.000;0.000;0.000;15495.000;415481;0;0;
0.000;0.000;0.000;15496.000;415481;0;0;
0.000;0.000;0.000;15497.000;415481;0;0;
0.000;0.000;0.000;15498.000;415481;0;0;
0.000;0.000;0.000;15499.000;415481;0;0;
0.000;0.000;0.000;15500.000;415481;0;0;
0.000;0.000;0.000;15501.000;415481;0;0;
0.000;0.000;0.000;15502.000;415480;0;0;
0.000;0.000;0.000;15503.000;415480;0;0;
0.000;0.000;0.000;15504.000;415479;0;0;
0.000;0.000;0.000;15505.000;415478;0;0;
0.000;0.000;0.000;15506.000;415477;0;0;
0.000;0.000;0.000;15507.000;415475;0;0;
0.000;0.000;0.000;15508.000;415474;0;0;
0.000;0.000;0.000;15509.000;415472;0;0;
0.000;0.000;0.000;15510.000;415471;0;0;
0.000;0.000;0.000;15511.000;415469;0;0;
0.000;0.000;0.000;15512.000;415467;0;0;
0.000;0.000;0.000;15513.000;415465;0;0;
0.000;0.000;0.000;15514.000;415462;0;0;
0.000;0.000;0.000;15515.000;415460;0;0;
0.000;0.000;0.000;15516.000;415457;0;0;
0.000;0.000;0.000;15517.000;415454;0;0;
0.000;0.000;0.000;15518.000;415451;0;0;
0.000;0.000;0.000;15519.000;415448;0;0;
0.000;0.000;0.000;15520.000;415445;0;0;
0.000;0.000;0.000;15521.000;415442;0;0;
0.000;0.000;0.000;15522.000;415438;0;0;
0.000;0.000;0.000;15523.000;415434;0;0;
0.000;0.000;0.000;15524.000;415431;0;0;
0.000;0.000;0.000;15525.000;415427;0;0;
0.000;0.000;0.000;15526.000;415423;0;0;
0.000;0.000;0.000;15527.000;415418;0;0;
0.000;0.000;0.000;15528.000;415414;0;0;
0.000;0.000;0.000;15529.000;415409;0;0;
0.000;0.000;0.000;15530.000;415405;0;0;
0.000;0.000;0.000;15531.000;415400;0;0;
0.000;0.000;0.000;15532.000;415395;0;0;
0.000;0.000;0.000;15533.000;415390;0;0;
0.000;0.000;0.000;15534.000;415384;0;0;
0.000;0.000;0.000;15535.000;415379;0;0;
0.000;0.000;0.000;15536.000;415373;0;0;
0.000;0.000;0.000;15537.000;415368;0;0;
0.000;0.000;0.000;15538.000;415362;0;0;
0.000;0.000;0.000;15539.000;415356;0;0;
0.000;0.000;0.000;15540.000;415350;0;0;
0.000;0.000;0.000;15541.000;415343;0;0;
0.000;0.000;0.000;15542.000;415337;0;0;
0.000;0.000;0.000;15543.000;415330;0;0;
0.000;0.000;0.000;15544.000;415324;0;0;
0.000;0.000;0.000;15545.000;415317;0;0;
0.000;0.000;0.000;15546.000;415310;0;0;
0.000;0.000;0.000;15547.000;415303;0;0;
0.000;0.000;0.000;15548.000;415295;0;0;
0.000;0.000;0.000;15549.000;415288;0;0;
0.000;0.000;0.000;15550.000;415280;0;0;
0.000;0.000;0.000;15551.000;415272;0;0;
0.000;0.000;0.000;15552.000;415265;0;0;
0.000;0.000;0.000;15553.000;415257;0;0;
0.000;0.000;0.000;15554.000;415249;0;0;
0.000;0.000;0.000;15555.000;415240;0;0;
0.000;0.000;0.000;15556.000;415232;0;0;
0.000;0.000;0.000;15557.000;415223;0;0;
0.000;0.000;0.000;15558.000;415215;0;0;
0.000;0.000;0.000;15559.000;415206;0;0;
0.000;0.000;0.000;15560.000;415197;0;0;
0.000;0.000;0.000;15561.000;415188;0;0;
0.000;0.000;0.000;15562.000;415179;0;0;
0.000;0.000;0.000;15563.000;415169;0;0;
0.000;0.000;0.000;15564.000;415160;0;0;
0.000;0.000;0.000;15565.000;415150;0;0;
0.000;0.000;0.000;15566.000;415140;0;0;
0.000;0.000;0.000;15567.000;415131;0;0;
0.000;0.000;0.000;15568.000;415121;0;0;
0.000;0.000;0.000;15569.000;415110;0;0;
0.000;0.000;0.000;15570.000;415100;0;0;
0.000;0.000;0.000;15571.000;415090;0;0;
0.000;0.000;0.000;15572.000;415079;0;0;
0.000;0.000;0.000;15573.000;415069;0;0;
0.000;0.000;0.000;15574.000;415058;0;0;
0.000;0.000;0.000;15575.000;415047;0;0;
0.000;0.000;0.000;15576.000;415036;0;0;
0.000;0.000;0.000;15577.000;415025;0;0;
0.000;0.000;0.000;15578.000;415013;0;0;
0.000;0.000;0.000;15579.000;415002;0;0;
0.000;0.000;0.000;15580.000;414990;0;0;
0.000;0.000;0.000;15581.000;414979;0;0;
0.000;0.000;0.000;15582.000;414967;0;0;
0.000;0.000;0.000;15583.000;414955;0;0;
0.000;0.000;0.000;15584.000;414943;0;0;
0.000;0.000;0.000;15585.000;414931;0;0;
0.000;0.000;0.000;15586.000;414918;0;0;
0.000;0.000;0.000;15587.000;414906;0;0;
0.000;0.000;0.000;15588.000;414893;0;0;
0.000;0.000;0.000;15589.000;414881;0;0;
0.000;0.000;0.000;15590.000;414868;0;0;
0.000;0.000;0.000;15591.000;414855;0;0;
0.000;0.000;0.000;15592.000;414842;0;0;
0.000;0.000;0.000;15593.000;414829;0;0;
0.000;0.000;0.000;15594.000;414815;0;0;
0.000;0.000;0.000;15595.000;414802;0;0;
0.000;0.000;0.000;15596.000;414788;0;0;
0.000;0.000;0.000;15597.000;414775;0;0;
0.000;0.000;0.000;15598.000;414761;0;0;
0.000;0.000;0.000;15599.000;414747;0;0;
0.000;0.000;0.000;15600.000;414733;0;0;
0.000;0.000;0.000;15601.000;414719;0;0;
0.000;0.000;0.000;15602.000;414705;0;0;
0.000;0.000;0.000;15603.000;414691;0;0;
0.000;0.000;0.000;15604.000;414676;0;0;
0.000;0.000;0.000;15605.000;414662;0;0;
0.000;0.000;0.000;15606.000;414647;0;0;
0.000;0.000;0.000;15607.000;414632;0;0;
0.000;0.000;0.000;15608.000;414617;0;0;
0.000;0.000;0.000;15609.000;414602;0;0;
0.000;0.000;0.000;15610.000;414587;0;0;
0.000;0.000;0.000;15611.000;414572;0;0;
0.000;0.000;0.000;15612.000;414556;0;0;
0.000;0.000;0.000;15613.000;414541;0;0;
0.000;0.000;0.000;15614.000;414525;0;0;
0.000;0.000;0.000;15615.000;414510;0;0;
0.000;0.000;0.000;15616.000;414494;0;0;
0.000;0.000;0.000;15617.000;414478;0;0;
0.000;0.000;0.000;15618.000;414462;0;0;
0.000;0.000;0.000;15619.000;414446;0;0;
0.000;0.000;0.000;15620.000;414430;0;0;
0.000;0.000;0.000;15621.000;414413;0;0;
0.000;0.000;0.000;15622.000;414397;0;0;
0.000;0.000;0.000;15623.000;414380;0;0;
0.000;0.000;0.000;15624.000;414364;0;0;
0.000;0.000;0.000;15625.000;414347;0;0;
0.000;0.000;0.000;15626.000;414330;0;0;
0.000;0.000;0.000;15627.000;414313;0;0;
0.000;0.000;0.000;15628.000;414296;0;0;
0.000;0.000;0.000;15629.000;414279;0;0;
0.000;0.000;0.000;15630.000;414262;0;0;
0.000;0.000;0.000;15631.000;414244;0;0;
0.000;0.000;0.000;15632.000;414227;0;0;
0.000;0.000;0.000;15633.000;414209;0;0;
0.000;0.000;0.000;15634.000;414191;0;0;
0.000;0.000;0.000;15635.000;414174;0;0;
0.000;0.000;0.000;15636.000;414156;0;0;
0.000;0.000;0.000;15637.000;414138;0;0;
0.000;0.000;0.000;15638.000;414120;0;0;
0.000;0.000;0.000;15639.000;414102;0;0;
0.000;0.000;0.000;15640.000;414083;0;0;
0.000;0.000;0.000;15641.000;414065;0;0;
0.000;0.000;0.000;15642.000;414046;0;0;
0.000;0.000;0.000;15643.000;414028;0;0;
0.000;0.000;0.000;15644.000;414009;0;0;
0.000;0.000;0.000;15645.000;413990;0;0;
0.000;0.000;0.000;15646.000;413972;0;0;
0.000;0.000;0.000;15647.000;413953;0;0;
0.000;0.000;0.000;15648.000;413934;0;0;
0.000;0.000;0.000;15649.000;413914;0;0;
0.000;0.000;0.000;15650.000;413895;0;0;
0.000;0.000;0.000;15651.000;413876;0;0;
0.000;0.000;0.000;15652.000;413856;0;0;
0.000;0.000;0.000;15653.000;413837;0;0;
0.000;0.000;0.000;15654.000;413817;0;0;
0.000;0.000;0.000;15655.000;413798;0;0;
0.000;0.000;0.000;15656.000;413778;0;0;
0.000;0.000;0.000;15657.000;413758;0;0;
0.000;0.000;0.000;15658.000;413738;0;0;
0.000;0.000;0.000;15659.000;413718;0;0;
0.000;0.000;0.000;15660.000;413697;0;0;
0.000;0.000;0.000;15661.000;413677;0;0;
0.000;0.000;0.000;15662.000;413657;0;0;
0.000;0.000;0.000;15663.000;413636;0;0;
0.000;0.000;0.000;15664.000;413616;0;0;
0.000;0.000;0.000;15665.000;413595;0;0;
0.000;0.000;0.000;15666.000;413574;0;0;
0.000;0.000;0.000;15667.000;413553;0;0;
0.000;0.000;0.000;15668.000;413532;0;0;
0.000;0.000;0.000;15669.000;413511;0;0;
0.000;0.000;0.000;15670.000;413490;0;0;
0.000;0.000;0.000;15671.000;413469;0;0;
0.000;0.000;0.000;15672.000;413447;0;0;
0.000;0.000;0.000;15673.000;413426;0;0;
0.000;0.000;0.000;15674.000;413404;0;0;
0.000;0.000;0.000;15675.000;413383;0;0;
0.000;0.000;0.000;15676.000;413361;0;0;
0.000;0.000;0.000;15677.000;413339;0;0;
0.000;0.000;0.000;15678.000;413317;0;0;
0.000;0.000;0.000;15679.000;413295;0;0;
0.000;0.000;0.000;15680.000;413273;0;0;
0.000;0.000;0.000;15681.000;413250;0;0;
0.000;0.000;0.000;15682.000;413228;0;0;
0.000;0.000;0.000;15683.000;413206;0;0;
0.000;0.000;0.000;15684.000;413183;0;0;
0.000;0.000;0.000;15685.000;413160;0;0;
0.000;0.000;0.000;15686.000;413137;0;0;
0.000;0.000;0.000;15687.000;413115;0;0;
0.000;0.000;0.000;15688.000;413092;0;0;
0.000;0.000;0.000;15689.000;413069;0;0;
0.000;0.000;0.000;15690.000;413045;0;0;
0.000;0.000;0.000;15691.000;413022;0;0;
0.000;0.000;0.000;15692.000;412999;0;0;
0.000;0.000;0.000;15693.000;412975;0;0;
0.000;0.000;0.000;15694.000;412952;0;0;
0.000;0.000;0.000;15695.000;412928;0;0;
0.000;0.000;0.000;15696.000;412904;0;0;
0.000;0.000;0.000;15697.000;412880;0;0;
0.000;0.000;0.000;15698.000;412856;0;0;
0.000;0.000;0.000;15699.000;412832;0;0;
0.000;0.000;0.000;15700.000;412808;0;0;
0.000;0.000;0.000;15701.000;412784;0;0;
0.000;0.000;0.000;15702.000;412759;0;0;
0.000;0.000;0.000;15703.000;412735;0;0;
0.000;0.000;0.000;15704.000;412710;0;0;
0.000;0.000;0.000;15705.000;412686;0;0;
0.000;0.000;0.000;15706.000;412661;0;0;
0.000;0.000;0.000;15707.000;412636;0;0;
0.000;0.000;0.000;15708.000;412611;0;0;
0.000;0.000;0.000;15709.000;412586;0;0;
0.000;0.000;0.000;15710.000;412561;0;0;
0.000;0.000;0.000;15711.000;412535;0;0;
0.000;0.000;0.000;15712.000;412510;0;0;
0.000;0.000;0.000;15713.000;412485;0;0;
0.000;0.000;0.000;15714.000;412459;0;0;
0.000;0.000;0.000;15715.000;412433;0;0;
0.000;0.000;0.000;15716.000;412408;0;0;
0.000;0.000;0.000;15717.000;412382;0;0;
0.000;0.000;0.000;15718.000;412356;0;0;
0.000;0.000;0.000;15719.000;412330;0;0;
0.000;0.000;0.000;15720.000;412304;0;0;
0.000;0.000;0.000;15721.000;412277;0;0;
0.000;0.000;0.000;15722.000;412251;0;0;
0.000;0.000;0.000;15723.000;412225;0;0;
0.000;0.000;0.000;15724.000;412198;0;0;
0.000;0.000;0.000;15725.000;412172;0;0;
0.000;0.000;0.000;15726.000;412145;0;0;
0.000;0.000;0.000;15727.000;412118;0;0;
0.000;0.000;0.000;15728.000;412091;0;0;
0.000;0.000;0.000;15729.000;412064;0;0;
0.000;0.000;0.000;15730.000;412037;0;0;
0.000;0.000;0.000;15731.000;412010;0;0;
0.000;0.000;0.000;15732.000;411983;0;0;
0.000;0.000;0.000;15733.000;411956;0;0;
0.000;0.000;0.000;15734.000;411929;0;0;
0.000;0.000;0.000;15735.000;411901;0;0;
0.000;0.000;0.000;15736.000;411874;0;0;
0.000;0.000;0.000;15737.000;411846;0;0;
0.000;0.000;0.000;15738.000;411818;0;0;
0.000;0.000;0.000;15739.000;411791;0;0;
0.000;0.000;0.000;15740.000;411763;0;0;
0.000;0.000;0.000;15741.000;411735;0;0;
0.000;0.000;0.000;15742.000;411707;0;0;
0.000;0.000;0.000;15743.000;411679;0;0;
0.000;0.000;0.000;15744.000;411651;0;0;
0.000;0.000;0.000;15745.000;411622;0;0;
0.000;0.000;0.000;15746.000;411594;0;0;
0.000;0.000;0.000;15747.000;411566;0;0;
0.000;0.000;0.000;15748.000;411537;0;0;
0.000;0.000;0.000;15749.000;411509;0;0;
0.000;0.000;0.000;15750.000;411480;0;0;
0.000;0.000;0.000;15751.000;411451;0;0;
0.000;0.000;0.000;15752.000;411423;0;0;
0.000;0.000;0.000;15753.000;411394;0;0;
0.000;0.000;0.000;15754.000;411365;0;0;
0.000;0.000;0.000;15755.000;411336;0;0;
0.000;0.000;0.000;15756.000;411307;0;0;
0.000;0.000;0.000;15757.000;411277;0;0;
0.000;0.000;0.000;15758.000;411248;0;0;
0.000;0.000;0.000;15759.000;411219;0;0;
0.000;0.000;0.000;15760.000;411189;0;0;
0.000;0.000;0.000;15761.000;411160;0;0;
0.000;0.000;0.000;15762.000;411130;0;0;
0.000;0.000;0.000;15763.000;411101;0;0;
0.000;0.000;0.000;15764.000;411071;0;0;
0.000;0.000;0.000;15765.000;411041;0;0;
0.000;0.000;0.000;15766.000;411011;0;0;
0.000;0.000;0.000;15767.000;410982;0;0;
0.000;0.000;0.000;15768.000;410952;0;0;
0.000;0.000;0.000;15769.000;410922;0;0;
0.000;0.000;0.000;15770.000;410891;0;0;
0.000;0.000;0.000;15771.000;410861;0;0;
0.000;0.000;0.000;15772.000;410831;0;0;
0.000;0.000;0.000;15773.000;410801;0;0;
0.000;0.000;0.000;15774.000;410770;0;0;
0.000;0.000;0.000;15775.000;410740;0;0;
0.000;0.000;0.000;15776.000;410710;0;0;
0.000;0.000;0.000;15777.000;410679;0;0;
0.000;0.000;0.000;15778.000;410648;0;0;
0.000;0.000;0.000;15779.000;410618;0;0;
0.000;0.000;0.000;15780.000;410587;0;0;
0.000;0.000;0.000;15781.000;410556;0;0;
0.000;0.000;0.000;15782.000;410525;0;0;
0.000;0.000;0.000;15783.000;410494;0;0;
0.000;0.000;0.000;15784.000;410463;0;0;
0.000;0.000;0.000;15785.000;410432;0;0;
0.000;0.000;0.000;15786.000;410401;0;0;
0.000;0.000;0.000;15787.000;410370;0;0;
0.000;0.000;0.000;15788.000;410339;0;0;
0.000;0.000;0.000;15789.000;410307;0;0;
0.000;0.000;0.000;15790.000;410276;0;0;
0.000;0.000;0.000;15791.000;410244;0;0;
0.000;0.000;0.000;15792.000;410213;0;0;
0.000;0.000;0.000;15793.000;410181;0;0;
0.000;0.000;0.000;15794.000;410150;0;0;
0.000;0.000;0.000;15795.000;410118;0;0;
0.000;0.000;0.000;15796.000;410087;0;0;
0.000;0.000;0.000;15797.000;410055;0;0;
0.000;0.000;0.000;15798.000;410023;0;0;
0.000;0.000;0.000;15799.000;409991;0;0;
0.000;0.000;0.000;15800.000;409959;0;0;
0.000;0.000;0.000;15801.000;409928;0;0;
0.000;0.000;0.000;15802.000;409895;0;0;
2382.729;4.542;0.000;15803.000;409863;0;0;
2859.126;32.576;0.000;15804.000;409831;0;0;
2980.563;100.000;128.000;15805.000;409799;0;0;
2997.246;100.000;128.000;15806.000;409767;0;0;
2998.720;100.000;128.000;15807.000;409735;0;0;
2982.645;100.000;128.000;15808.000;409703;0;0;
2976.168;100.000;128.000;15809.000;409670;0;0;
2987.647;100.000;128.000;15810.000;409638;0;0;
2975.289;100.000;128.000;15811.000;409606;0;0;
2973.764;100.000;128.000;15812.000;409573;0;0;
2968.893;100.000;128.000;15813.000;409540;0;0;
2994.534;100.000;128.000;15814.000;409508;0;0;
3002.712;100.000;128.000;15815.000;409475;0;0;
2996.632;100.000;128.000;15816.000;409442;0;0;
2988.034;100.000;128.000;15817.000;409410;0;0;
2980.835;100.000;128.000;15818.000;409377;0;0;
2974.897;100.000;128.000;15819.000;409344;0;0;
2969.174;100.000;128.000;15820.000;409311;0;0;
2988.403;100.000;128.000;15821.000;409278;0;0;
2987.956;100.000;128.000;15822.000;409246;0;0;
2998.800;100.000;128.000;15823.000;409212;0;0;
2991.510;100.000;128.000;15824.000;409179;0;0;
2987.085;100.000;128.000;15825.000;409146;0;0;
2991.729;100.000;128.000;15826.000;409113;0;0;
2979.359;100.000;128.000;15827.000;409080;0;0;
2989.155;100.000;128.000;15828.000;409047;0;0;
3031.303;100.000;128.000;15829.000;409013;0;0;
3187.889;19.609;0.000;15830.000;408980;0;0;
2319.025;5.372;0.000;15831.000;408947;0;0;
1860.960;6.911;0.000;15832.000;408913;0;0;
1871.398;7.131;0.000;15833.000;408880;0;0;
1850.697;7.106;0.000;15834.000;408846;0;0;
1847.565;11.526;0.000;15835.000;408813;0;0;
1854.724;10.623;0.000;15836.000;408779;0;0;
1856.792;12.137;0.000;15837.000;408746;0;0;
1857.406;10.745;0.000;15838.000;408712;0;0;
1864.740;10.281;0.000;15839.000;408678;0;0;
1878.065;10.940;0.000;15840.000;408645;0;0;
1871.696;8.303;0.000;15841.000;408611;0;0;
1880.646;4.737;0.000;15842.000;408577;0;0;
1880.650;4.396;0.000;15843.000;408543;0;0;
1893.344;3.639;0.000;15844.000;408509;0;0;
2024.886;3.883;0.000;15845.000;408475;0;0;
2728.452;10.476;0.000;15846.000;408441;0;0;
2976.993;100.000;128.000;15847.000;408408;0;0;
2971.512;100.000;128.000;15848.000;408374;0;0;
2950.108;100.000;128.000;15849.000;408340;0;0;
2964.661;100.000;128.000;15850.000;408306;0;0;
2945.556;100.000;128.000;15851.000;408272;0;0;
2947.163;100.000;128.000;15852.000;408238;0;0;
2949.836;100.000;128.000;15853.000;408204;0;0;
2945.965;100.000;128.000;15854.000;408169;0;0;
2934.358;100.000;128.000;15855.000;408135;0;0;
2941.912;100.000;128.000;15856.000;408101;0;0;
2952.688;100.000;128.000;15857.000;408067;0;0;
2949.702;100.000;128.000;15858.000;408033;0;0;
2949.533;100.000;128.000;15859.000;407998;0;0;
2934.762;100.000;128.000;15860.000;407964;0;0;
2952.959;100.000;128.000;15861.000;407930;0;0;
2955.384;100.000;128.000;15862.000;407895;0;0;
2949.085;100.000;128.000;15863.000;407861;0;0;
2951.512;100.000;128.000;15864.000;407826;0;0;
2959.598;100.000;128.000;15865.000;407792;0;0;
2957.334;100.000;128.000;15866.000;407757;0;0;
2962.152;100.000;128.000;15867.000;407723;0;0;
2954.010;100.000;128.000;15868.000;407688;0;0;
2955.549;100.000;128.000;15869.000;407653;0;0;
3028.477;100.000;128.000;15870.000;407619;0;0;
2816.257;7.912;0.000;15871.000;407584;0;0;
1866.696;7.619;0.000;15872.000;407549;0;0;
1848.596;9.646;0.000;15873.000;407514;0;0;
1862.232;13.944;0.000;15874.000;407480;0;0;
1859.067;14.725;0.000;15875.000;407445;0;0;
1867.990;18.950;0.000;15876.000;407410;0;0;
1865.699;21.172;0.000;15877.000;407375;0;0;
1863.717;20.098;0.000;15878.000;407340;0;0;
1863.219;20.904;0.000;15879.000;407305;0;0;
1874.005;23.394;0.000;15880.000;407270;0;0;
1878.481;16.068;0.000;15881.000;407235;0;0;
1914.322;24.786;0.000;15882.000;407199;0;0;
1899.416;51.013;0.000;15883.000;407164;0;0;
1888.863;55.336;0.000;15884.000;407129;0;0;
1856.490;30.769;0.000;15885.000;407094;0;0;
2938.344;29.084;0.000;15886.000;407059;0;0;
2994.911;100.000;128.000;15887.000;407024;0;0;
2953.509;100.000;128.000;15888.000;406988;0;0;
2942.823;100.000;128.000;15889.000;406953;0;0;
2936.330;100.000;128.000;15890.000;406918;0;0;
2937.972;100.000;128.000;15891.000;406882;0;0;
2945.916;100.000;128.000;15892.000;406847;0;0;
2939.234;100.000;128.000;15893.000;406811;0;0;
2922.686;100.000;128.000;15894.000;406776;0;0;
2928.048;100.000;128.000;15895.000;406741;0;0;
2928.687;100.000;128.000;15896.000;406705;0;0;
2935.589;100.000;128.000;15897.000;406669;0;0;
2939.299;100.000;128.000;15898.000;406634;0;0;
2939.478;100.000;128.000;15899.000;406598;0;0;
2939.879;100.000;128.000;15900.000;406563;0;0;
2951.502;100.000;128.000;15901.000;406527;0;0;
2950.943;100.000;128.000;15902.000;406491;0;0;
2951.625;100.000;128.000;15903.000;406456;0;0;
2950.084;100.000;128.000;15904.000;406420;0;0;
2948.900;100.000;128.000;15905.000;406384;0;0;
2951.980;100.000;128.000;15906.000;406348;0;0;
2955.808;100.000;128.000;15907.000;406312;0;0;
2955.356;100.000;128.000;15908.000;406277;0;0;
3043.936;74.164;0.000;15909.000;406241;0;0;
1832.106;14.994;0.000;15910.000;406205;0;0;
1879.704;13.407;0.000;15911.000;406169;0;0;
1871.380;12.063;0.000;15912.000;406133;0;0;
1867.726;11.575;0.000;15913.000;406097;0;0;
1869.877;21.514;0.000;15914.000;406061;0;0;
1870.838;40.220;0.000;15915.000;406025;0;0;
1867.530;51.722;0.000;15916.000;405989;0;0;
1872.158;31.038;0.000;15917.000;405953;0;0;
1866.795;27.473;0.000;15918.000;405917;0;0;
1875.323;56.899;0.000;15919.000;405881;0;0;
1873.049;39.487;0.000;15920.000;405845;0;0;
1874.461;23.590;0.000;15921.000;405809;0;0;
1873.893;8.840;0.000;15922.000;405773;0;0;
1879.159;6.593;0.000;15923.000;405736;0;0;
2856.303;11.990;0.000;15924.000;405700;0;0;
3005.916;100.000;128.000;15925.000;405664;0;0;
2964.807;100.000;128.000;15926.000;405628;0;0;
2955.275;100.000;128.000;15927.000;405592;0;0;
2940.805;100.000;128.000;15928.000;405555;0;0;
2937.024;100.000;128.000;15929.000;405519;0;0;
2941.993;100.000;128.000;15930.000;405483;0;0;
2946.353;100.000;128.000;15931.000;405446;0;0;
2941.255;100.000;128.000;15932.000;405410;0;0;
2941.792;100.000;128.000;15933.000;405374;0;0;
2942.379;100.000;128.000;15934.000;405337;0;0;
2944.078;100.000;128.000;15935.000;405301;0;0;
2941.207;100.000;128.000;15936.000;405265;0;0;
2939.741;100.000;128.000;15937.000;405228;0;0;
2955.434;100.000;128.000;15938.000;405192;0;0;
2944.069;100.000;128.000;15939.000;405155;0;0;
2947.556;100.000;128.000;15940.000;405119;0;0;
2947.392;100.000;128.000;15941.000;405082;0;0;
2955.244;100.000;128.000;15942.000;405046;0;0;
2948.807;100.000;128.000;15943.000;405009;0;0;
2958.248;100.000;128.000;15944.000;404972;0;0;
2961.207;100.000;128.000;15945.000;404936;0;0;
2961.617;100.000;128.000;15946.000;404900;0;0;
3004.914;100.000;128.000;15947.000;404863;0;0;
2935.667;13.040;0.000;15948.000;404826;0;0;
1873.505;8.620;0.000;15949.000;404790;0;0;
1844.216;13.578;0.000;15950.000;404753;0;0;
1860.673;23.858;0.000;15951.000;404716;0;0;
1865.055;21.832;0.000;15952.000;404680;0;0;
1870.452;29.719;0.000;15953.000;404643;0;0;
1869.185;35.482;0.000;15954.000;404607;0;0;
1865.088;69.035;0.000;15955.000;404570;0;0;
1868.017;85.543;0.000;15956.000;404533;0;0;
1868.176;21.441;0.000;15957.000;404497;0;0;
1868.718;21.148;0.000;15958.000;404460;0;0;
1876.033;17.949;0.000;15959.000;404423;0;0;
1866.629;12.576;0.000;15960.000;404387;0;0;
1889.540;6.716;0.000;15961.000;404350;0;0;
2936.783;9.768;0.000;15962.000;404313;0;0;
3021.100;98.999;0.000;15963.000;404277;0;0;
2960.890;100.000;128.000;15964.000;404240;0;0;
2954.260;100.000;128.000;15965.000;404204;0;0;
2936.280;100.000;128.000;15966.000;404167;0;0;
2942.864;100.000;128.000;15967.000;404130;0;0;
2939.584;100.000;128.000;15968.000;404094;0;0;
2941.864;100.000;128.000;15969.000;404057;0;0;
2942.458;100.000;128.000;15970.000;404020;0;0;
2943.690;100.000;128.000;15971.000;403984;0;0;
2938.055;100.000;128.000;15972.000;403947;0;0;
2943.882;100.000;128.000;15973.000;403910;0;0;
2947.815;100.000;128.000;15974.000;403874;0;0;
2941.417;100.000;128.000;15975.000;403837;0;0;
2940.554;100.000;128.000;15976.000;403800;0;0;
2939.311;100.000;128.000;15977.000;403764;0;0;
2944.222;100.000;128.000;15978.000;403727;0;0;
2939.177;100.000;128.000;15979.000;403691;0;0;
2938.780;100.000;128.000;15980.000;403654;0;0;
2939.979;100.000;128.000;15981.000;403617;0;0;
2949.825;100.000;128.000;15982.000;403581;0;0;
2948.151;100.000;128.000;15983.000;403544;0;0;
2965.896;100.000;128.000;15984.000;403508;0;0;
2996.343;24.371;0.000;15985.000;403471;0;0;
1846.167;12.015;0.000;15986.000;403434;0;0;
1849.010;17.021;0.000;15987.000;403398;0;0;
1857.276;23.321;0.000;15988.000;403361;0;0;
1863.559;25.201;0.000;15989.000;403325;0;0;
1864.005;39.560;0.000;15990.000;403288;0;0;
1859.995;41.978;0.000;15991.000;403252;0;0;
1860.505;36.264;0.000;15992.000;403215;0;0;
1853.753;47.692;0.000;15993.000;403179;0;0;
1860.053;41.221;0.000;15994.000;403143;0;0;
1865.675;37.338;0.000;15995.000;403106;0;0;
1869.289;27.179;0.000;15996.000;403070;0;0;
1873.384;20.977;0.000;15997.000;403033;0;0;
1865.365;12.967;0.000;15998.000;402997;0;0;
1879.707;8.694;0.000;15999.000;402960;0;0;
2954.188;10.330;0.000;16000.000;402924;0;0;
3016.157;100.000;128.000;16001.000;402887;0;0;
2956.888;100.000;128.000;16002.000;402851;0;0;
2960.671;100.000;128.000;16003.000;402814;0;0;
2962.667;100.000;128.000;16004.000;402778;0;0;
2956.086;100.000;128.000;16005.000;402741;0;0;
2954.260;100.000;128.000;16006.000;402705;0;0;
2943.662;100.000;128.000;16007.000;402668;0;0;
2943.869;100.000;128.000;16008.000;402631;0;0;
2933.952;100.000;128.000;16009.000;402595;0;0;
2937.438;100.000;128.000;16010.000;402558;0;0;
2936.094;100.000;128.000;16011.000;402522;0;0;
2936.422;100.000;128.000;16012.000;402485;0;0;
2950.116;100.000;128.000;16013.000;402449;0;0;
2948.090;100.000;128.000;16014.000;402412;0;0;
2946.711;100.000;128.000;16015.000;402375;0;0;
2942.912;100.000;128.000;16016.000;402339;0;0;
2958.876;100.000;128.000;16017.000;402303;0;0;
2945.954;100.000;128.000;16018.000;402266;0;0;
2955.952;100.000;128.000;16019.000;402230;0;0;
2950.915;100.000;128.000;16020.000;402193;0;0;
2954.704;100.000;128.000;16021.000;402157;0;0;
3006.523;100.000;128.000;16022.000;402120;0;0;
2925.255;11.551;0.000;16023.000;402084;0;0;
1859.631;7.912;0.000;16024.000;402048;0;0;
1853.448;10.110;0.000;16025.000;402011;0;0;
1867.055;12.601;0.000;16026.000;401975;0;0;
1865.576;19.878;0.000;16027.000;401939;0;0;
1872.339;19.438;0.000;16028.000;401902;0;0;
1869.645;26.642;0.000;16029.000;401866;0;0;
1862.379;30.842;0.000;16030.000;401830;0;0;
1859.157;59.487;0.000;16031.000;401793;0;0;
1863.980;39.683;0.000;16032.000;401757;0;0;
1868.107;21.783;0.000;16033.000;401721;0;0;
1874.264;25.177;0.000;16034.000;401684;0;0;
1869.775;20.879;0.000;16035.000;401648;0;0;
1863.897;12.943;0.000;16036.000;401612;0;0;
1870.382;10.476;0.000;16037.000;401576;0;0;
2950.148;13.455;0.000;16038.000;401540;0;0;
3001.768;100.000;128.000;16039.000;401504;0;0;
2952.370;100.000;128.000;16040.000;401467;0;0;
2956.331;100.000;128.000;16041.000;401431;0;0;
2952.346;100.000;128.000;16042.000;401395;0;0;
2962.243;100.000;128.000;16043.000;401359;0;0;
2951.684;100.000;128.000;16044.000;401323;0;0;
2958.220;100.000;128.000;16045.000;401287;0;0;
2949.229;100.000;128.000;16046.000;401251;0;0;
2946.783;100.000;128.000;16047.000;401214;0;0;
2945.097;100.000;128.000;16048.000;401178;0;0;
2941.728;100.000;128.000;16049.000;401142;0;0;
2944.952;100.000;128.000;16050.000;401106;0;0;
2945.641;100.000;128.000;16051.000;401070;0;0;
2933.222;100.000;128.000;16052.000;401034;0;0;
2938.630;100.000;128.000;16053.000;400998;0;0;
2937.225;100.000;128.000;16054.000;400962;0;0;
2948.282;100.000;128.000;16055.000;400926;0;0;
2937.205;100.000;128.000;16056.000;400890;0;0;
2938.260;100.000;128.000;16057.000;400854;0;0;
2951.721;100.000;128.000;16058.000;400818;0;0;
2947.936;100.000;128.000;16059.000;400782;0;0;
2957.308;100.000;128.000;16060.000;400746;0;0;
3022.897;72.796;0.000;16061.000;400710;0;0;
2936.862;9.499;0.000;16062.000;400674;0;0;
1866.993;9.377;0.000;16063.000;400638;0;0;
1854.330;11.404;0.000;16064.000;400602;0;0;
1854.281;24.664;0.000;16065.000;400566;0;0;
1865.353;18.657;0.000;16066.000;400530;0;0;
1861.059;21.905;0.000;16067.000;400494;0;0;
1859.315;27.766;0.000;16068.000;400458;0;0;
1864.246;27.937;0.000;16069.000;400423;0;0;
1857.401;27.350;0.000;16070.000;400387;0;0;
1865.298;28.327;0.000;16071.000;400351;0;0;
1874.897;24.713;0.000;16072.000;400315;0;0;
1873.066;22.393;0.000;16073.000;400280;0;0;
1870.466;13.602;0.000;16074.000;400244;0;0;
1878.379;10.769;0.000;16075.000;400208;0;0;
1862.308;9.548;0.000;16076.000;400173;0;0;
3030.154;30.379;0.000;16077.000;400137;0;0;
2980.605;100.000;128.000;16078.000;400102;0;0;
2962.234;100.000;128.000;16079.000;400066;0;0;
2947.229;100.000;128.000;16080.000;400031;0;0;
2946.347;100.000;128.000;16081.000;399995;0;0;
2943.367;100.000;128.000;16082.000;399960;0;0;
2932.738;100.000;128.000;16083.000;399924;0;0;
2952.472;100.000;128.000;16084.000;399889;0;0;
2951.638;100.000;128.000;16085.000;399853;0;0;
2937.414;100.000;128.000;16086.000;399818;0;0;
2932.760;100.000;128.000;16087.000;399783;0;0;
2938.085;100.000;128.000;16088.000;399748;0;0;
2940.123;100.000;128.000;16089.000;399712;0;0;
2941.276;100.000;128.000;16090.000;399677;0;0;
2935.679;100.000;128.000;16091.000;399642;0;0;
2951.512;100.000;128.000;16092.000;399606;0;0;
2942.052;100.000;128.000;16093.000;399571;0;0;
2957.521;100.000;128.000;16094.000;399536;0;0;
2954.064;100.000;128.000;16095.000;399501;0;0;
2946.205;100.000;128.000;16096.000;399466;0;0;
2939.150;100.000;128.000;16097.000;399430;0;0;
2938.972;100.000;128.000;16098.000;399395;0;0;
2994.548;100.000;128.000;16099.000;399360;0;0;
2997.660;17.411;0.000;16100.000;399325;0;0;
1842.809;7.888;0.000;16101.000;399290;0;0;
1857.212;8.425;0.000;16102.000;399255;0;0;
1840.570;15.971;0.000;16103.000;399220;0;0;
1852.065;97.705;0.000;16104.000;399186;0;0;
1864.358;98.999;0.000;16105.000;399151;0;0;
1871.284;25.226;0.000;16106.000;399116;0;0;
1868.964;35.751;0.000;16107.000;399081;0;0;
1865.576;14.115;0.000;16108.000;399046;0;0;
1867.829;47.839;0.000;16109.000;399011;0;0;
1873.409;55.165;0.000;16110.000;398977;0;0;
1874.333;57.656;0.000;16111.000;398942;0;0;
1877.399;17.338;0.000;16112.000;398907;0;0;
1869.885;5.372;0.000;16113.000;398872;0;0;
1886.444;10.183;0.000;16114.000;398838;0;0;
2446.271;6.935;0.000;16115.000;398803;0;0;
3014.272;15.556;0.000;16116.000;398769;0;0;
3001.846;100.000;128.000;16117.000;398734;0;0;
2950.641;100.000;128.000;16118.000;398699;0;0;
2937.292;100.000;128.000;16119.000;398665;0;0;
2937.511;100.000;128.000;16120.000;398630;0;0;
2941.949;100.000;128.000;16121.000;398596;0;0;
2944.263;100.000;128.000;16122.000;398561;0;0;
2949.128;100.000;128.000;16123.000;398527;0;0;
2941.107;100.000;128.000;16124.000;398493;0;0;
2939.746;100.000;128.000;16125.000;398458;0;0;
2935.973;100.000;128.000;16126.000;398424;0;0;
2937.948;100.000;128.000;16127.000;398390;0;0;
2937.396;100.000;128.000;16128.000;398356;0;0;
2938.250;100.000;128.000;16129.000;398321;0;0;
2954.439;100.000;128.000;16130.000;398287;0;0;
2938.304;100.000;128.000;16131.000;398253;0;0;
2949.411;100.000;128.000;16132.000;398219;0;0;
2942.882;100.000;128.000;16133.000;398185;0;0;
2943.692;100.000;128.000;16134.000;398151;0;0;
2953.889;100.000;128.000;16135.000;398117;0;0;
2974.246;100.000;128.000;16136.000;398083;0;0;
2955.965;100.000;128.000;16137.000;398049;0;0;
2951.913;100.000;128.000;16138.000;398015;0;0;
2965.763;100.000;128.000;16139.000;397981;0;0;
3011.123;55.385;0.000;16140.000;397947;0;0;
2931.798;7.033;0.000;16141.000;397913;0;0;
1848.503;8.571;0.000;16142.000;397879;0;0;
1853.539;16.996;0.000;16143.000;397845;0;0;
1868.166;21.099;0.000;16144.000;397811;0;0;
1859.920;27.741;0.000;16145.000;397777;0;0;
1864.602;18.755;0.000;16146.000;397743;0;0;
1862.649;26.935;0.000;16147.000;397709;0;0;
1853.948;30.281;0.000;16148.000;397675;0;0;
1862.909;21.197;0.000;16149.000;397642;0;0;
1859.318;26.374;0.000;16150.000;397608;0;0;
1869.373;33.236;0.000;16151.000;397574;0;0;
1871.277;20.244;0.000;16152.000;397540;0;0;
1872.408;14.432;0.000;16153.000;397507;0;0;
1868.527;14.066;0.000;16154.000;397473;0;0;
1842.415;10.769;0.000;16155.000;397439;0;0;
2903.102;9.182;0.000;16156.000;397406;0;0;
3053.495;22.808;0.000;16157.000;397372;0;0;
2993.312;100.000;128.000;16158.000;397338;0;0;
2954.821;100.000;128.000;16159.000;397305;0;0;
2948.136;100.000;128.000;16160.000;397271;0;0;
2955.102;100.000;128.000;16161.000;397237;0;0;
2947.876;100.000;128.000;16162.000;397204;0;0;
2949.585;100.000;128.000;16163.000;397171;0;0;
2937.197;100.000;128.000;16164.000;397137;0;0;
2941.068;100.000;128.000;16165.000;397104;0;0;
2937.873;100.000;128.000;16166.000;397071;0;0;
2935.656;100.000;128.000;16167.000;397037;0;0;
2934.879;100.000;128.000;16168.000;397004;0;0;
2936.693;100.000;128.000;16169.000;396971;0;0;
2933.509;100.000;128.000;16170.000;396938;0;0;
2942.356;100.000;128.000;16171.000;396905;0;0;
2931.098;100.000;128.000;16172.000;396872;0;0;
2939.523;100.000;128.000;16173.000;396839;0;0;
2950.359;100.000;128.000;16174.000;396806;0;0;
2938.954;100.000;128.000;16175.000;396773;0;0;
2946.652;100.000;128.000;16176.000;396740;0;0;
2938.049;100.000;128.000;16177.000;396707;0;0;
2947.304;100.000;128.000;16178.000;396674;0;0;
2947.171;100.000;128.000;16179.000;396641;0;0;
2956.891;100.000;128.000;16180.000;396608;0;0;
2972.604;100.000;128.000;16181.000;396575;0;0;
3005.469;100.000;128.000;16182.000;396542;0;0;
2563.716;8.571;0.000;16183.000;396509;0;0;
1861.660;8.230;0.000;16184.000;396477;0;0;
1848.462;9.377;0.000;16185.000;396444;0;0;
1860.237;10.720;0.000;16186.000;396411;0;0;
1847.876;13.089;0.000;16187.000;396379;0;0;
1864.416;17.118;0.000;16188.000;396346;0;0;
1860.976;20.904;0.000;16189.000;396313;0;0;
1861.251;21.319;0.000;16190.000;396281;0;0;
1855.092;21.392;0.000;16191.000;396248;0;0;
1862.786;24.786;0.000;16192.000;396216;0;0;
1863.962;21.294;0.000;16193.000;396184;0;0;
1868.581;29.084;0.000;16194.000;396151;0;0;
1869.356;20.147;0.000;16195.000;396119;0;0;
1867.933;10.549;0.000;16196.000;396087;0;0;
1893.801;11.770;0.000;16197.000;396054;0;0;
1836.454;12.234;0.000;16198.000;396022;0;0;
2413.233;6.545;0.000;16199.000;395990;0;0;
3057.896;35.116;0.000;16200.000;395958;0;0;
2980.098;100.000;128.000;16201.000;395926;0;0;
2936.313;100.000;128.000;16202.000;395894;0;0;
2938.498;100.000;128.000;16203.000;395862;0;0;
2940.569;100.000;128.000;16204.000;395830;0;0;
2937.797;100.000;128.000;16205.000;395797;0;0;
2935.906;100.000;128.000;16206.000;395766;0;0;
2940.352;100.000;128.000;16207.000;395734;0;0;
2938.144;100.000;128.000;16208.000;395702;0;0;
2939.647;100.000;128.000;16209.000;395670;0;0;
2940.305;100.000;128.000;16210.000;395638;0;0;
2934.774;100.000;128.000;16211.000;395606;0;0;
2934.466;100.000;128.000;16212.000;395574;0;0;
2940.201;100.000;128.000;16213.000;395542;0;0;
2934.865;100.000;128.000;16214.000;395510;0;0;
2927.919;100.000;128.000;16215.000;395479;0;0;
2938.733;100.000;128.000;16216.000;395447;0;0;
2933.774;100.000;128.000;16217.000;395415;0;0;
2935.937;100.000;128.000;16218.000;395384;0;0;
2945.109;100.000;128.000;16219.000;395352;0;0;
2935.295;100.000;128.000;16220.000;395321;0;0;
2941.024;100.000;128.000;16221.000;395289;0;0;
2939.649;100.000;128.000;16222.000;395258;0;0;
2930.648;100.000;128.000;16223.000;395226;0;0;
2935.582;100.000;128.000;16224.000;395195;0;0;
2961.325;100.000;128.000;16225.000;395163;0;0;
3062.464;37.900;0.000;16226.000;395132;0;0;
2177.550;5.446;0.000;16227.000;395101;0;0;
1846.938;6.545;0.000;16228.000;395069;0;0;
1861.094;12.454;0.000;16229.000;395038;0;0;
1855.344;12.186;0.000;16230.000;395007;0;0;
1862.857;16.874;0.000;16231.000;394976;0;0;
1866.139;24.103;0.000;16232.000;394945;0;0;
1860.955;38.462;0.000;16233.000;394913;0;0;
1857.578;28.840;0.000;16234.000;394882;0;0;
1863.608;26.276;0.000;16235.000;394851;0;0;
1859.660;23.370;0.000;16236.000;394820;0;0;
1865.275;25.031;0.000;16237.000;394789;0;0;
1872.312;24.420;0.000;16238.000;394758;0;0;
1879.061;24.469;0.000;16239.000;394727;0;0;
1866.689;28.278;0.000;16240.000;394696;0;0;
1856.020;16.264;0.000;16241.000;394665;0;0;
1878.737;11.282;0.000;16242.000;394634;0;0;
1874.821;10.208;0.000;16243.000;394603;0;0;
3081.121;14.237;0.000;16244.000;394572;0;0;
3001.680;100.000;128.000;16245.000;394541;0;0;
2948.994;100.000;128.000;16246.000;394511;0;0;
2943.247;100.000;128.000;16247.000;394480;0;0;
2927.936;100.000;128.000;16248.000;394449;0;0;
2947.871;100.000;128.000;16249.000;394418;0;0;
2941.498;100.000;128.000;16250.000;394388;0;0;
2939.001;100.000;128.000;16251.000;394357;0;0;
2934.918;100.000;128.000;16252.000;394326;0;0;
2937.186;100.000;128.000;16253.000;394296;0;0;
2934.012;100.000;128.000;16254.000;394265;0;0;
2935.732;100.000;128.000;16255.000;394234;0;0;
2935.287;100.000;128.000;16256.000;394204;0;0;
2933.786;100.000;128.000;16257.000;394173;0;0;
2932.903;100.000;128.000;16258.000;394143;0;0;
2948.045;100.000;128.000;16259.000;394112;0;0;
2948.302;100.000;128.000;16260.000;394082;0;0;
2934.171;100.000;128.000;16261.000;394051;0;0;
2933.849;100.000;128.000;16262.000;394021;0;0;
2931.377;100.000;128.000;16263.000;393990;0;0;
2938.573;100.000;128.000;16264.000;393960;0;0;
2943.983;100.000;128.000;16265.000;393929;0;0;
2944.397;100.000;128.000;16266.000;393899;0;0;
2940.728;100.000;128.000;16267.000;393869;0;0;
2941.511;100.000;128.000;16268.000;393838;0;0;
2946.478;100.000;128.000;16269.000;393808;0;0;
3024.882;59.951;0.000;16270.000;393778;0;0;
2738.598;14.774;0.000;16271.000;393748;0;0;
1869.750;12.576;0.000;16272.000;393717;0;0;
1859.121;21.050;0.000;16273.000;393687;0;0;
1861.629;48.010;0.000;16274.000;393657;0;0;
1861.382;34.969;0.000;16275.000;393626;0;0;
1862.333;43.736;0.000;16276.000;393596;0;0;
1870.444;23.810;0.000;16277.000;393566;0;0;
1878.303;34.090;0.000;16278.000;393536;0;0;
1860.863;58.608;0.000;16279.000;393506;0;0;
1869.182;62.491;0.000;16280.000;393476;0;0;
1870.801;86.789;0.000;16281.000;393446;0;0;
1871.496;54.750;0.000;16282.000;393416;0;0;
1874.990;18.071;0.000;16283.000;393386;0;0;
1882.979;21.026;0.000;16284.000;393356;0;0;
1866.629;42.930;0.000;16285.000;393327;0;0;
1878.759;19.438;0.000;16286.000;393297;0;0;
1864.667;19.219;0.000;16287.000;393267;0;0;
2923.891;12.259;0.000;16288.000;393237;0;0;
3149.926;22.125;0.000;16289.000;393207;0;0;
2997.534;100.000;128.000;16290.000;393177;0;0;
2938.696;100.000;128.000;16291.000;393148;0;0;
2943.623;100.000;128.000;16292.000;393118;0;0;
2948.948;100.000;128.000;16293.000;393089;0;0;
2936.621;100.000;128.000;16294.000;393059;0;0;
2938.759;100.000;128.000;16295.000;393029;0;0;
2943.046;100.000;128.000;16296.000;393000;0;0;
2936.500;100.000;128.000;16297.000;392970;0;0;
2939.247;100.000;128.000;16298.000;392941;0;0;
2939.169;100.000;128.000;16299.000;392911;0;0;
2949.733;100.000;128.000;16300.000;392882;0;0;
2949.651;100.000;128.000;16301.000;392852;0;0;
2950.002;100.000;128.000;16302.000;392823;0;0;
2929.034;100.000;128.000;16303.000;392794;0;0;
2926.332;100.000;128.000;16304.000;392764;0;0;
2938.252;100.000;128.000;16305.000;392735;0;0;
2941.257;100.000;128.000;16306.000;392706;0;0;
2931.094;100.000;128.000;16307.000;392677;0;0;
2932.460;100.000;128.000;16308.000;392648;0;0;
2946.453;100.000;128.000;16309.000;392618;0;0;
2943.646;100.000;128.000;16310.000;392589;0;0;
2948.056;100.000;128.000;16311.000;392560;0;0;
2958.391;100.000;128.000;16312.000;392531;0;0;
2941.015;100.000;128.000;16313.000;392502;0;0;
2967.796;100.000;128.000;16314.000;392473;0;0;
2969.475;100.000;128.000;16315.000;392444;0;0;
2986.477;100.000;128.000;16316.000;392415;0;0;
3021.809;43.687;0.000;16317.000;392387;0;0;
2806.506;10.134;0.000;16318.000;392358;0;0;
1844.809;12.650;0.000;16319.000;392329;0;0;
1868.541;9.792;0.000;16320.000;392301;0;0;
1860.679;12.943;0.000;16321.000;392272;0;0;
1861.460;22.027;0.000;16322.000;392244;0;0;
1866.739;25.372;0.000;16323.000;392215;0;0;
1864.270;22.393;0.000;16324.000;392187;0;0;
1870.226;22.002;0.000;16325.000;392158;0;0;
1871.971;33.187;0.000;16326.000;392130;0;0;
1867.578;30.256;0.000;16327.000;392102;0;0;
1867.717;20.024;0.000;16328.000;392073;0;0;
1866.747;74.847;0.000;16329.000;392045;0;0;
1865.740;76.923;0.000;16330.000;392017;0;0;
1872.256;30.867;0.000;16331.000;391989;0;0;
1892.218;32.161;0.000;16332.000;391961;0;0;
1862.470;30.232;0.000;16333.000;391933;0;0;
1871.467;18.144;0.000;16334.000;391905;0;0;
1837.215;19.121;0.000;16335.000;391877;0;0;
1831.045;9.646;0.000;16336.000;391850;0;0;
3052.681;13.748;0.000;16337.000;391822;0;0;
2999.972;100.000;128.000;16338.000;391794;0;0;
2972.967;100.000;128.000;16339.000;391767;0;0;
2953.567;100.000;128.000;16340.000;391739;0;0;
2949.081;100.000;128.000;16341.000;391712;0;0;
2950.970;100.000;128.000;16342.000;391684;0;0;
2949.168;100.000;128.000;16343.000;391657;0;0;
2954.264;100.000;128.000;16344.000;391629;0;0;
2949.226;100.000;128.000;16345.000;391602;0;0;
2944.517;100.000;128.000;16346.000;391575;0;0;
2930.388;100.000;128.000;16347.000;391548;0;0;
2947.927;100.000;128.000;16348.000;391521;0;0;
2958.385;100.000;128.000;16349.000;391493;0;0;
2947.884;100.000;128.000;16350.000;391466;0;0;
2949.269;100.000;128.000;16351.000;391439;0;0;
2941.877;100.000;128.000;16352.000;391412;0;0;
2968.640;100.000;128.000;16353.000;391386;0;0;
2964.820;100.000;128.000;16354.000;391359;0;0;
2947.579;100.000;128.000;16355.000;391332;0;0;
2951.702;100.000;128.000;16356.000;391306;0;0;
2952.041;100.000;128.000;16357.000;391279;0;0;
2961.567;100.000;128.000;16358.000;391252;0;0;
2961.072;100.000;128.000;16359.000;391226;0;0;
2971.605;100.000;128.000;16360.000;391200;0;0;
2980.525;100.000;128.000;16361.000;391173;0;0;
2968.518;100.000;128.000;16362.000;391147;0;0;
2975.185;100.000;128.000;16363.000;391121;0;0;
2985.094;100.000;128.000;16364.000;391095;0;0;
2978.085;100.000;128.000;16365.000;391069;0;0;
2972.249;100.000;128.000;16366.000;391043;0;0;
2983.340;61.856;0.000;16367.000;391017;0;0;
2559.943;4.371;0.000;16368.000;390991;0;0;
0.000;0.000;0.000;16369.000;390965;0;0;
0.000;0.000;0.000;16370.000;390939;0;0;
1849.952;4.078;0.000;16371.000;390914;0;0;
1863.582;4.225;0.000;16372.000;390888;0;0;
1870.846;5.275;0.000;16373.000;390863;0;0;
1870.297;7.350;0.000;16374.000;390837;0;0;
1874.147;10.159;0.000;16375.000;390812;0;0;
1880.901;8.864;0.000;16376.000;390786;0;0;
1866.251;11.966;0.000;16377.000;390761;0;0;
1865.953;11.966;0.000;16378.000;390735;0;0;
1861.396;9.841;0.000;16379.000;390710;0;0;
1868.038;9.353;0.000;16380.000;390685;0;0;
1858.078;10.452;0.000;16381.000;390660;0;0;
1852.708;8.889;0.000;16382.000;390635;0;0;
1873.557;7.424;0.000;16383.000;390610;0;0;
1868.075;7.985;0.000;16384.000;390585;0;0;
1855.152;9.182;0.000;16385.000;390561;0;0;
1869.806;5.568;0.000;16386.000;390536;0;0;
1880.925;5.519;0.000;16387.000;390511;0;0;
1871.376;6.569;0.000;16388.000;390487;0;0;
2717.043;14.799;0.000;16389.000;390462;0;0;
3235.248;20.904;0.000;16390.000;390438;0;0;
3052.332;100.000;128.000;16391.000;390414;0;0;
3008.242;100.000;128.000;16392.000;390389;0;0;
2993.343;100.000;128.000;16393.000;390365;0;0;
2993.568;100.000;128.000;16394.000;390341;0;0;
2994.153;100.000;128.000;16395.000;390317;0;0;
2997.966;100.000;128.000;16396.000;390293;0;0;
3002.763;100.000;128.000;16397.000;390270;0;0;
2992.872;100.000;128.000;16398.000;390246;0;0;
2991.226;100.000;128.000;16399.000;390222;0;0;
2994.355;100.000;128.000;16400.000;390198;0;0;
2999.181;100.000;128.000;16401.000;390175;0;0;
2993.095;100.000;128.000;16402.000;390151;0;0;
3004.774;100.000;128.000;16403.000;390128;0;0;
3013.193;100.000;128.000;16404.000;390105;0;0;
3007.727;100.000;128.000;16405.000;390081;0;0;
3008.972;100.000;128.000;16406.000;390058;0;0;
2994.274;100.000;128.000;16407.000;390035;0;0;
3011.554;100.000;128.000;16408.000;390012;0;0;
3032.148;100.000;128.000;16409.000;389989;0;0;
2996.535;100.000;128.000;16410.000;389966;0;0;
3026.671;98.999;0.000;16411.000;389944;0;0;
3025.822;100.000;128.000;16412.000;389921;0;0;
2999.229;97.070;0.000;16413.000;389898;0;0;
3024.995;93.016;0.000;16414.000;389876;0;0;
2991.462;90.330;0.000;16415.000;389853;0;0;
3005.262;69.597;0.000;16416.000;389831;0;0;
2971.198;45.617;0.000;16417.000;389809;0;0;
2994.236;35.409;0.000;16418.000;389787;0;0;
2980.352;24.249;0.000;16419.000;389764;0;0;
2975.881;22.125;0.000;16420.000;389743;0;0;
3008.892;18.852;0.000;16421.000;389721;0;0;
2987.650;18.950;0.000;16422.000;389699;0;0;
2954.344;13.211;0.000;16423.000;389677;0;0;
2885.484;7.009;0.000;16424.000;389655;0;0;
2722.730;3.028;0.000;16425.000;389634;0;0;
0.000;0.000;0.000;16426.000;389613;0;0;
0.000;0.000;0.000;16427.000;389591;0;0;
0.000;0.000;0.000;16428.000;389570;0;0;
0.000;0.000;0.000;16429.000;389549;0;0;
0.000;0.000;0.000;16430.000;389528;0;0;
0.000;0.000;0.000;16431.000;389507;0;0;
0.000;0.000;0.000;16432.000;389486;0;0;
0.000;0.000;0.000;16433.000;389465;0;0;
0.000;0.000;0.000;16434.000;389445;0;0;
0.000;0.000;0.000;16435.000;389424;0;0;
0.000;0.000;0.000;16436.000;389404;0;0;
0.000;0.000;0.000;16437.000;389383;0;0;
0.000;0.000;0.000;16438.000;389363;0;0;
0.000;0.000;0.000;16439.000;389343;0;0;
0.000;0.000;0.000;16440.000;389323;0;0;
0.000;0.000;0.000;16441.000;389302;0;0;
0.000;0.000;0.000;16442.000;389282;0;0;
0.000;0.000;0.000;16443.000;389263;0;0;
0.000;0.000;0.000;16444.000;389243;0;0;
0.000;0.000;0.000;16445.000;389223;0;0;
0.000;0.000;0.000;16446.000;389203;0;0;
0.000;0.000;0.000;16447.000;389184;0;0;
0.000;0.000;0.000;16448.000;389164;0;0;
0.000;0.000;0.000;16449.000;389145;0;0;
0.000;0.000;0.000;16450.000;389126;0;0;
0.000;0.000;0.000;16451.000;389107;0;0;
0.000;0.000;0.000;16452.000;389088;0;0;
0.000;0.000;0.000;16453.000;389069;0;0;
0.000;0.000;0.000;16454.000;389050;0;0;
0.000;0.000;0.000;16455.000;389031;0;0;
0.000;0.000;0.000;16456.000;389012;0;0;
0.000;0.000;0.000;16457.000;388994;0;0;
0.000;0.000;0.000;16458.000;388975;0;0;
0.000;0.000;0.000;16459.000;388957;0;0;
0.000;0.000;0.000;16460.000;388939;0;0;
0.000;0.000;0.000;16461.000;388921;0;0;
0.000;0.000;0.000;16462.000;388903;0;0;
0.000;0.000;0.000;16463.000;388885;0;0;
0.000;0.000;0.000;16464.000;388867;0;0;
0.000;0.000;0.000;16465.000;388850;0;0;
0.000;0.000;0.000;16466.000;388832;0;0;
0.000;0.000;0.000;16467.000;388814;0;0;
0.000;0.000;0.000;16468.000;388797;0;0;
0.000;0.000;0.000;16469.000;388780;0;0;
0.000;0.000;0.000;16470.000;388763;0;0;
0.000;0.000;0.000;16471.000;388746;0;0;
0.000;0.000;0.000;16472.000;388729;0;0;
0.000;0.000;0.000;16473.000;388712;0;0;
0.000;0.000;0.000;16474.000;388695;0;0;
0.000;0.000;0.000;16475.000;388679;0;0;
0.000;0.000;0.000;16476.000;388663;0;0;
0.000;0.000;0.000;16477.000;388646;0;0;
0.000;0.000;0.000;16478.000;388630;0;0;
0.000;0.000;0.000;16479.000;388614;0;0;
0.000;0.000;0.000;16480.000;388598;0;0;
0.000;0.000;0.000;16481.000;388582;0;0;
0.000;0.000;0.000;16482.000;388566;0;0;
0.000;0.000;0.000;16483.000;388550;0;0;
0.000;0.000;0.000;16484.000;388535;0;0;
0.000;0.000;0.000;16485.000;388519;0;0;
0.000;0.000;0.000;16486.000;388504;0;0;
0.000;0.000;0.000;16487.000;388489;0;0;
0.000;0.000;0.000;16488.000;388474;0;0;
0.000;0.000;0.000;16489.000;388459;0;0;
0.000;0.000;0.000;16490.000;388444;0;0;
0.000;0.000;0.000;16491.000;388429;0;0;
0.000;0.000;0.000;16492.000;388415;0;0;
0.000;0.000;0.000;16493.000;388400;0;0;
0.000;0.000;0.000;16494.000;388386;0;0;
0.000;0.000;0.000;16495.000;388372;0;0;
0.000;0.000;0.000;16496.000;388358;0;0;
0.000;0.000;0.000;16497.000;388344;0;0;
0.000;0.000;0.000;16498.000;388330;0;0;
0.000;0.000;0.000;16499.000;388316;0;0;
0.000;0.000;0.000;16500.000;388303;0;0;
0.000;0.000;0.000;16501.000;388289;0;0;
0.000;0.000;0.000;16502.000;388276;0;0;
0.000;0.000;0.000;16503.000;388263;0;0;
0.000;0.000;0.000;16504.000;388249;0;0;
0.000;0.000;0.000;16505.000;388237;0;0;
0.000;0.000;0.000;16506.000;388224;0;0;
0.000;0.000;0.000;16507.000;388211;0;0;
0.000;0.000;0.000;16508.000;388199;0;0;
0.000;0.000;0.000;16509.000;388186;0;0;
0.000;0.000;0.000;16510.000;388174;0;0;
0.000;0.000;0.000;16511.000;388162;0;0;
0.000;0.000;0.000;16512.000;388150;0;0;
0.000;0.000;0.000;16513.000;388138;0;0;
0.000;0.000;0.000;16514.000;388126;0;0;
0.000;0.000;0.000;16515.000;388115;0;0;
0.000;0.000;0.000;16516.000;388103;0;0;
0.000;0.000;0.000;16517.000;388092;0;0;
0.000;0.000;0.000;16518.000;388081;0;0;
0.000;0.000;0.000;16519.000;388070;0;0;
0.000;0.000;0.000;16520.000;388059;0;0;
0.000;0.000;0.000;16521.000;388048;0;0;
0.000;0.000;0.000;16522.000;388038;0;0;
0.000;0.000;0.000;16523.000;388028;0;0;
0.000;0.000;0.000;16524.000;388017;0;0;
0.000;0.000;0.000;16525.000;388007;0;0;
0.000;0.000;0.000;16526.000;387997;0;0;
0.000;0.000;0.000;16527.000;387987;0;0;
0.000;0.000;0.000;16528.000;387978;0;0;
0.000;0.000;0.000;16529.000;387968;0;0;
0.000;0.000;0.000;16530.000;387959;0;0;
0.000;0.000;0.000;16531.000;387950;0;0;
0.000;0.000;0.000;16532.000;387941;0;0;
0.000;0.000;0.000;16533.000;387932;0;0;
0.000;0.000;0.000;16534.000;387923;0;0;
0.000;0.000;0.000;16535.000;387915;0;0;
0.000;0.000;0.000;16536.000;387906;0;0;
0.000;0.000;0.000;16537.000;387898;0;0;
0.000;0.000;0.000;16538.000;387890;0;0;
0.000;0.000;0.000;16539.000;387882;0;0;
0.000;0.000;0.000;16540.000;387874;0;0;
0.000;0.000;0.000;16541.000;387867;0;0;
0.000;0.000;0.000;16542.000;387859;0;0;
0.000;0.000;0.000;16543.000;387852;0;0;
0.000;0.000;0.000;16544.000;387845;0;0;
0.000;0.000;0.000;16545.000;387838;0;0;
0.000;0.000;0.000;16546.000;387831;0;0;
0.000;0.000;0.000;16547.000;387825;0;0;
0.000;0.000;0.000;16548.000;387818;0;0;
0.000;0.000;0.000;16549.000;387812;0;0;
0.000;0.000;0.000;16550.000;387806;0;0;
0.000;0.000;0.000;16551.000;387800;0;0;
0.000;0.000;0.000;16552.000;387794;0;0;
0.000;0.000;0.000;16553.000;387789;0;0;
0.000;0.000;0.000;16554.000;387784;0;0;
0.000;0.000;0.000;16555.000;387779;0;0;
0.000;0.000;0.000;16556.000;387774;0;0;
0.000;0.000;0.000;16557.000;387769;0;0;
0.000;0.000;0.000;16558.000;387764;0;0;
0.000;0.000;0.000;16559.000;387760;0;0;
0.000;0.000;0.000;16560.000;387756;0;0;
0.000;0.000;0.000;16561.000;387751;0;0;
0.000;0.000;0.000;16562.000;387748;0;0;
0.000;0.000;0.000;16563.000;387744;0;0;
0.000;0.000;0.000;16564.000;387741;0;0;
0.000;0.000;0.000;16565.000;387737;0;0;
0.000;0.000;0.000;16566.000;387734;0;0;
0.000;0.000;0.000;16567.000;387731;0;0;
0.000;0.000;0.000;16568.000;387728;0;0;
0.000;0.000;0.000;16569.000;387726;0;0;
0.000;0.000;0.000;16570.000;387724;0;0;
0.000;0.000;0.000;16571.000;387721;0;0;
0.000;0.000;0.000;16572.000;387719;0;0;
0.000;0.000;0.000;16573.000;387718;0;0;
0.000;0.000;0.000;16574.000;387716;0;0;
0.000;0.000;0.000;16575.000;387715;0;0;
0.000;0.000;0.000;16576.000;387713;0;0;
0.000;0.000;0.000;16577.000;387712;0;0;
0.000;0.000;0.000;16578.000;387712;0;0;
0.000;0.000;0.000;16579.000;387711;0;0;
0.000;0.000;0.000;16580.000;387711;0;0;
0.000;0.000;0.000;16581.000;387711;0;0;
0.000;0.000;0.000;16582.000;387711;0;0;
0.000;0.000;0.000;16583.000;387711;0;0;
0.000;0.000;0.000;16584.000;387711;0;0;
0.000;0.000;0.000;16585.000;387712;0;0;
0.000;0.000;0.000;16586.000;387712;0;0;
0.000;0.000;0.000;16587.000;387713;0;0;
0.000;0.000;0.000;16588.000;387715;0;0;
0.000;0.000;0.000;16589.000;387716;0;0;
0.000;0.000;0.000;16590.000;387717;0;0;
0.000;0.000;0.000;16591.000;387719;0;0;
0.000;0.000;0.000;16592.000;387721;0;0;
0.000;0.000;0.000;16593.000;387723;0;0;
0.000;0.000;0.000;16594.000;387726;0;0;
0.000;0.000;0.000;16595.000;387728;0;0;
0.000;0.000;0.000;16596.000;387731;0;0;
0.000;0.000;0.000;16597.000;387734;0;0;
0.000;0.000;0.000;16598.000;387737;0;0;
0.000;0.000;0.000;16599.000;387740;0;0;
0.000;0.000;0.000;16600.000;387744;0;0;
0.000;0.000;0.000;16601.000;387748;0;0;
0.000;0.000;0.000;16602.000;387751;0;0;
0.000;0.000;0.000;16603.000;387755;0;0;
0.000;0.000;0.000;16604.000;387760;0;0;
0.000;0.000;0.000;16605.000;387764;0;0;
0.000;0.000;0.000;16606.000;387769;0;0;
0.000;0.000;0.000;16607.000;387774;0;0;
0.000;0.000;0.000;16608.000;387779;0;0;
0.000;0.000;0.000;16609.000;387784;0;0;
0.000;0.000;0.000;16610.000;387789;0;0;
0.000;0.000;0.000;16611.000;387795;0;0;
0.000;0.000;0.000;16612.000;387800;0;0;
0.000;0.000;0.000;16613.000;387806;0;0;
0.000;0.000;0.000;16614.000;387812;0;0;
0.000;0.000;0.000;16615.000;387819;0;0;
0.000;0.000;0.000;16616.000;387825;0;0;
0.000;0.000;0.000;16617.000;387832;0;0;
0.000;0.000;0.000;16618.000;387839;0;0;
0.000;0.000;0.000;16619.000;387846;0;0;
0.000;0.000;0.000;16620.000;387853;0;0;
0.000;0.000;0.000;16621.000;387860;0;0;
0.000;0.000;0.000;16622.000;387868;0;0;
0.000;0.000;0.000;16623.000;387875;0;0;
0.000;0.000;0.000;16624.000;387883;0;0;
0.000;0.000;0.000;16625.000;387891;0;0;
0.000;0.000;0.000;16626.000;387899;0;0;
0.000;0.000;0.000;16627.000;387908;0;0;
0.000;0.000;0.000;16628.000;387916;0;0;
0.000;0.000;0.000;16629.000;387925;0;0;
0.000;0.000;0.000;16630.000;387934;0;0;
0.000;0.000;0.000;16631.000;387943;0;0;
0.000;0.000;0.000;16632.000;387952;0;0;
0.000;0.000;0.000;16633.000;387961;0;0;
0.000;0.000;0.000;16634.000;387971;0;0;
0.000;0.000;0.000;16635.000;387980;0;0;
0.000;0.000;0.000;16636.000;387990;0;0;
0.000;0.000;0.000;16637.000;388000;0;0;
0.000;0.000;0.000;16638.000;388010;0;0;
0.000;0.000;0.000;16639.000;388021;0;0;
0.000;0.000;0.000;16640.000;388031;0;0;
0.000;0.000;0.000;16641.000;388042;0;0;
0.000;0.000;0.000;16642.000;388052;0;0;
0.000;0.000;0.000;16643.000;388063;0;0;
0.000;0.000;0.000;16644.000;388074;0;0;
0.000;0.000;0.000;16645.000;388085;0;0;
0.000;0.000;0.000;16646.000;388096;0;0;
0.000;0.000;0.000;16647.000;388108;0;0;
0.000;0.000;0.000;16648.000;388120;0;0;
0.000;0.000;0.000;16649.000;388131;0;0;
0.000;0.000;0.000;16650.000;388143;0;0;
0.000;0.000;0.000;16651.000;388155;0;0;
0.000;0.000;0.000;16652.000;388167;0;0;
0.000;0.000;0.000;16653.000;388180;0;0;
0.000;0.000;0.000;16654.000;388192;0;0;
0.000;0.000;0.000;16655.000;388205;0;0;
0.000;0.000;0.000;16656.000;388217;0;0;
0.000;0.000;0.000;16657.000;388230;0;0;
0.000;0.000;0.000;16658.000;388243;0;0;
0.000;0.000;0.000;16659.000;388256;0;0;
0.000;0.000;0.000;16660.000;388270;0;0;
0.000;0.000;0.000;16661.000;388283;0;0;
0.000;0.000;0.000;16662.000;388297;0;0;
0.000;0.000;0.000;16663.000;388310;0;0;
0.000;0.000;0.000;16664.000;388324;0;0;
0.000;0.000;0.000;16665.000;388338;0;0;
0.000;0.000;0.000;16666.000;388352;0;0;
0.000;0.000;0.000;16667.000;388367;0;0;
0.000;0.000;0.000;16668.000;388381;0;0;
0.000;0.000;0.000;16669.000;388395;0;0;
0.000;0.000;0.000;16670.000;388410;0;0;
0.000;0.000;0.000;16671.000;388425;0;0;
0.000;0.000;0.000;16672.000;388440;0;0;
0.000;0.000;0.000;16673.000;388455;0;0;
0.000;0.000;0.000;16674.000;388470;0;0;
0.000;0.000;0.000;16675.000;388485;0;0;
0.000;0.000;0.000;16676.000;388501;0;0;
0.000;0.000;0.000;16677.000;388516;0;0;
0.000;0.000;0.000;16678.000;388532;0;0;
0.000;0.000;0.000;16679.000;388548;0;0;
0.000;0.000;0.000;16680.000;388564;0;0;
0.000;0.000;0.000;16681.000;388580;0;0;
0.000;0.000;0.000;16682.000;388596;0;0;
0.000;0.000;0.000;16683.000;388612;0;0;
0.000;0.000;0.000;16684.000;388628;0;0;
0.000;0.000;0.000;16685.000;388645;0;0;
0.000;0.000;0.000;16686.000;388662;0;0;
0.000;0.000;0.000;16687.000;388678;0;0;
0.000;0.000;0.000;16688.000;388695;0;0;
0.000;0.000;0.000;16689.000;388713;0;0;
0.000;0.000;0.000;16690.000;388730;0;0;
0.000;0.000;0.000;16691.000;388747;0;0;
0.000;0.000;0.000;16692.000;388765;0;0;
0.000;0.000;0.000;16693.000;388782;0;0;
0.000;0.000;0.000;16694.000;388800;0;0;
0.000;0.000;0.000;16695.000;388818;0;0;
0.000;0.000;0.000;16696.000;388836;0;0;
0.000;0.000;0.000;16697.000;388854;0;0;
0.000;0.000;0.000;16698.000;388872;0;0;
0.000;0.000;0.000;16699.000;388890;0;0;
0.000;0.000;0.000;16700.000;388909;0;0;
0.000;0.000;0.000;16701.000;388927;0;0;
0.000;0.000;0.000;16702.000;388946;0;0;
0.000;0.000;0.000;16703.000;388965;0;0;
0.000;0.000;0.000;16704.000;388984;0;0;
0.000;0.000;0.000;16705.000;389003;0;0;
0.000;0.000;0.000;16706.000;389023;0;0;
0.000;0.000;0.000;16707.000;389042;0;0;
0.000;0.000;0.000;16708.000;389062;0;0;
0.000;0.000;0.000;16709.000;389081;0;0;
0.000;0.000;0.000;16710.000;389101;0;0;
0.000;0.000;0.000;16711.000;389121;0;0;
0.000;0.000;0.000;16712.000;389141;0;0;
0.000;0.000;0.000;16713.000;389161;0;0;
0.000;0.000;0.000;16714.000;389182;0;0;
0.000;0.000;0.000;16715.000;389202;0;0;
0.000;0.000;0.000;16716.000;389223;0;0;
0.000;0.000;0.000;16717.000;389243;0;0;
0.000;0.000;0.000;16718.000;389264;0;0;
0.000;0.000;0.000;16719.000;389285;0;0;
0.000;0.000;0.000;16720.000;389306;0;0;
0.000;0.000;0.000;16721.000;389327;0;0;
0.000;0.000;0.000;16722.000;389348;0;0;
0.000;0.000;0.000;16723.000;389370;0;0;
0.000;0.000;0.000;16724.000;389391;0;0;
0.000;0.000;0.000;16725.000;389413;0;0;
0.000;0.000;0.000;16726.000;389434;0;0;
0.000;0.000;0.000;16727.000;389456;0;0;
0.000;0.000;0.000;16728.000;389478;0;0;
0.000;0.000;0.000;16729.000;389500;0;0;
0.000;0.000;0.000;16730.000;389523;0;0;
0.000;0.000;0.000;16731.000;389545;0;0;
0.000;0.000;0.000;16732.000;389567;0;0;
0.000;0.000;0.000;16733.000;389590;0;0;
2548.165;2.149;0.000;16734.000;389612;0;0;
2744.513;3.834;0.000;16735.000;389635;0;0;
2896.772;10.012;0.000;16736.000;389658;0;0;
2957.411;19.389;0.000;16737.000;389681;0;0;
2996.297;26.593;0.000;16738.000;389704;0;0;
2986.160;24.249;0.000;16739.000;389727;0;0;
2987.203;31.868;0.000;16740.000;389751;0;0;
2974.928;40.220;0.000;16741.000;389774;0;0;
2986.755;49.182;0.000;16742.000;389797;0;0;
2990.540;86.398;0.000;16743.000;389821;0;0;
2989.443;98.999;0.000;16744.000;389845;0;0;
3018.893;100.000;128.000;16745.000;389869;0;0;
3003.472;100.000;128.000;16746.000;389893;0;0;
3018.521;100.000;128.000;16747.000;389917;0;0;
3026.863;100.000;128.000;16748.000;389941;0;0;
2996.173;100.000;128.000;16749.000;389966;0;0;
3026.974;100.000;128.000;16750.000;389990;0;0;
3008.106;100.000;128.000;16751.000;390015;0;0;
2990.809;100.000;128.000;16752.000;390039;0;0;
3004.800;100.000;128.000;16753.000;390064;0;0;
3005.775;100.000;128.000;16754.000;390089;0;0;
2998.454;100.000;128.000;16755.000;390113;0;0;
2993.170;100.000;128.000;16756.000;390138;0;0;
2984.300;100.000;128.000;16757.000;390164;0;0;
2989.742;100.000;128.000;16758.000;390189;0;0;
2983.073;100.000;128.000;16759.000;390214;0;0;
2981.995;100.000;128.000;16760.000;390239;0;0;
2994.279;100.000;128.000;16761.000;390265;0;0;
2990.563;100.000;128.000;16762.000;390290;0;0;
2987.278;100.000;128.000;16763.000;390316;0;0;
2985.860;100.000;128.000;16764.000;390341;0;0;
2988.505;100.000;128.000;16765.000;390367;0;0;
3009.124;100.000;128.000;16766.000;390393;0;0;
3066.079;100.000;128.000;16767.000;390419;0;0;
3305.119;14.383;0.000;16768.000;390445;0;0;
2750.700;16.190;0.000;16769.000;390471;0;0;
1888.673;7.766;0.000;16770.000;390497;0;0;
1863.385;6.471;0.000;16771.000;390523;0;0;
1855.407;8.523;0.000;16772.000;390550;0;0;
1867.854;11.966;0.000;16773.000;390576;0;0;
1865.986;9.133;0.000;16774.000;390602;0;0;
1853.819;9.573;0.000;16775.000;390629;0;0;
1865.485;13.407;0.000;16776.000;390656;0;0;
1865.069;11.770;0.000;16777.000;390682;0;0;
1869.023;12.625;0.000;16778.000;390709;0;0;
1865.624;15.409;0.000;16779.000;390736;0;0;
1860.542;15.726;0.000;16780.000;390763;0;0;
1880.409;12.308;0.000;16781.000;390790;0;0;
1874.877;11.575;0.000;16782.000;390817;0;0;
1876.021;8.547;0.000;16783.000;390844;0;0;
1878.535;5.788;0.000;16784.000;390871;0;0;
1871.568;5.348;0.000;16785.000;390898;0;0;
1848.981;5.128;0.000;16786.000;390926;0;0;
0.000;0.000;0.000;16787.000;390953;0;0;
2887.922;4.298;0.000;16788.000;390980;0;0;
2894.359;19.829;0.000;16789.000;391008;0;0;
2970.819;100.000;128.000;16790.000;391035;0;0;
2946.467;100.000;128.000;16791.000;391063;0;0;
2954.637;100.000;128.000;16792.000;391090;0;0;
2948.726;100.000;128.000;16793.000;391118;0;0;
2938.132;100.000;128.000;16794.000;391146;0;0;
2955.329;100.000;128.000;16795.000;391174;0;0;
2954.952;100.000;128.000;16796.000;391202;0;0;
2949.568;100.000;128.000;16797.000;391230;0;0;
2943.168;100.000;128.000;16798.000;391258;0;0;
2935.746;100.000;128.000;16799.000;391286;0;0;
2940.638;100.000;128.000;16800.000;391314;0;0;
2941.515;100.000;128.000;16801.000;391342;0;0;
2954.229;100.000;128.000;16802.000;391370;0;0;
2937.122;100.000;128.000;16803.000;391398;0;0;
2936.514;100.000;128.000;16804.000;391427;0;0;
2940.132;100.000;128.000;16805.000;391455;0;0;
2950.068;100.000;128.000;16806.000;391484;0;0;
2939.213;100.000;128.000;16807.000;391512;0;0;
2931.648;100.000;128.000;16808.000;391541;0;0;
2932.568;100.000;128.000;16809.000;391569;0;0;
2937.552;100.000;128.000;16810.000;391598;0;0;
2946.329;100.000;128.000;16811.000;391627;0;0;
2939.433;100.000;128.000;16812.000;391655;0;0;
2942.052;100.000;128.000;16813.000;391684;0;0;
2939.904;100.000;128.000;16814.000;391713;0;0;
2948.352;100.000;128.000;16815.000;391742;0;0;
2951.787;100.000;128.000;16816.000;391771;0;0;
3006.161;100.000;128.000;16817.000;391800;0;0;
2946.611;15.604;0.000;16818.000;391829;0;0;
1827.201;15.409;0.000;16819.000;391858;0;0;
1852.277;26.227;0.000;16820.000;391887;0;0;
1866.330;15.922;0.000;16821.000;391916;0;0;
1870.997;50.720;0.000;16822.000;391945;0;0;
1894.433;27.595;0.000;16823.000;391975;0;0;
1869.012;73.480;0.000;16824.000;392004;0;0;
1864.050;98.999;0.000;16825.000;392033;0;0;
1869.815;39.267;0.000;16826.000;392063;0;0;
1867.381;36.923;0.000;16827.000;392092;0;0;
1869.699;39.096;0.000;16828.000;392122;0;0;
1869.605;29.377;0.000;16829.000;392151;0;0;
1865.435;28.230;0.000;16830.000;392181;0;0;
1864.518;32.943;0.000;16831.000;392211;0;0;
1864.051;27.741;0.000;16832.000;392241;0;0;
1855.068;16.435;0.000;16833.000;392271;0;0;
1867.146;12.991;0.000;16834.000;392301;0;0;
1850.210;15.800;0.000;16835.000;392330;0;0;
2794.935;13.260;0.000;16836.000;392360;0;0;
3014.386;96.093;0.000;16837.000;392390;0;0;
2961.837;100.000;128.000;16838.000;392421;0;0;
2940.217;100.000;128.000;16839.000;392451;0;0;
2941.084;100.000;128.000;16840.000;392481;0;0;
2931.224;100.000;128.000;16841.000;392511;0;0;
2943.840;100.000;128.000;16842.000;392542;0;0;
2930.349;100.000;128.000;16843.000;392572;0;0;
2935.601;100.000;128.000;16844.000;392602;0;0;
2928.323;100.000;128.000;16845.000;392633;0;0;
2921.136;100.000;128.000;16846.000;392663;0;0;
2922.745;100.000;128.000;16847.000;392694;0;0;
2929.723;100.000;128.000;16848.000;392725;0;0;
2926.139;100.000;128.000;16849.000;392755;0;0;
2918.854;100.000;128.000;16850.000;392786;0;0;
2939.667;100.000;128.000;16851.000;392816;0;0;
2950.293;100.000;128.000;16852.000;392847;0;0;
2940.224;100.000;128.000;16853.000;392878;0;0;
2937.182;100.000;128.000;16854.000;392909;0;0;
2937.253;100.000;128.000;16855.000;392940;0;0;
2935.794;100.000;128.000;16856.000;392971;0;0;
2937.087;100.000;128.000;16857.000;393002;0;0;
2938.086;100.000;128.000;16858.000;393033;0;0;
2936.482;100.000;128.000;16859.000;393064;0;0;
2939.656;100.000;128.000;16860.000;393095;0;0;
2934.011;100.000;128.000;16861.000;393126;0;0;
2937.497;100.000;128.000;16862.000;393157;0;0;
3018.515;100.000;128.000;16863.000;393188;0;0;
2933.204;17.314;0.000;16864.000;393219;0;0;
1849.561;16.215;0.000;16865.000;393250;0;0;
1874.240;22.002;0.000;16866.000;393282;0;0;
1862.794;34.212;0.000;16867.000;393313;0;0;
1883.396;41.172;0.000;16868.000;393344;0;0;
1872.433;18.681;0.000;16869.000;393375;0;0;
1874.918;36.117;0.000;16870.000;393407;0;0;
1870.129;98.999;0.000;16871.000;393438;0;0;
1869.761;75.678;0.000;16872.000;393470;0;0;
1858.086;71.087;0.000;16873.000;393501;0;0;
1879.555;44.615;0.000;16874.000;393533;0;0;
1871.499;28.083;0.000;16875.000;393564;0;0;
1863.932;51.429;0.000;16876.000;393596;0;0;
1861.277;41.270;0.000;16877.000;393628;0;0;
1859.998;57.778;0.000;16878.000;393659;0;0;
1855.327;23.321;0.000;16879.000;393691;0;0;
1870.766;16.166;0.000;16880.000;393723;0;0;
2723.684;19.292;0.000;16881.000;393755;0;0;
3010.383;100.000;128.000;16882.000;393787;0;0;
2939.341;100.000;128.000;16883.000;393818;0;0;
2937.089;100.000;128.000;16884.000;393850;0;0;
2932.256;100.000;128.000;16885.000;393882;0;0;
2935.260;100.000;128.000;16886.000;393914;0;0;
2930.557;100.000;128.000;16887.000;393946;0;0;
2918.848;100.000;128.000;16888.000;393978;0;0;
2924.666;100.000;128.000;16889.000;394010;0;0;
2923.293;100.000;128.000;16890.000;394042;0;0;
2937.367;100.000;128.000;16891.000;394074;0;0;
2937.633;100.000;128.000;16892.000;394106;0;0;
2930.981;100.000;128.000;16893.000;394138;0;0;
2923.865;100.000;128.000;16894.000;394170;0;0;
2923.333;100.000;128.000;16895.000;394202;0;0;
2928.153;100.000;128.000;16896.000;394234;0;0;
2931.375;100.000;128.000;16897.000;394266;0;0;
2935.801;100.000;128.000;16898.000;394298;0;0;
2933.802;100.000;128.000;16899.000;394330;0;0;
2934.004;100.000;128.000;16900.000;394363;0;0;
2938.287;100.000;128.000;16901.000;394395;0;0;
2934.074;100.000;128.000;16902.000;394427;0;0;
2926.062;100.000;128.000;16903.000;394459;0;0;
2947.708;100.000;128.000;16904.000;394491;0;0;
2947.857;100.000;128.000;16905.000;394524;0;0;
3026.705;100.000;128.000;16906.000;394556;0;0;
2244.548;7.741;0.000;16907.000;394589;0;0;
1888.428;12.454;0.000;16908.000;394621;0;0;
1860.139;16.874;0.000;16909.000;394653;0;0;
1861.390;27.131;0.000;16910.000;394686;0;0;
1881.850;28.840;0.000;16911.000;394718;0;0;
1868.180;29.621;0.000;16912.000;394751;0;0;
1863.376;27.204;0.000;16913.000;394783;0;0;
1864.013;27.155;0.000;16914.000;394816;0;0;
1861.077;31.184;0.000;16915.000;394848;0;0;
1858.604;32.454;0.000;16916.000;394881;0;0;
1860.454;46.032;0.000;16917.000;394913;0;0;
1864.047;27.497;0.000;16918.000;394946;0;0;
1854.630;17.680;0.000;16919.000;394978;0;0;
1855.981;14.725;0.000;16920.000;395011;0;0;
1852.679;13.748;0.000;16921.000;395044;0;0;
1847.010;7.619;0.000;16922.000;395076;0;0;
2703.712;7.131;0.000;16923.000;395109;0;0;
3020.355;100.000;128.000;16924.000;395142;0;0;
2952.074;100.000;128.000;16925.000;395174;0;0;
2922.026;100.000;128.000;16926.000;395207;0;0;
2932.340;100.000;128.000;16927.000;395240;0;0;
2940.566;100.000;128.000;16928.000;395272;0;0;
2935.213;100.000;128.000;16929.000;395305;0;0;
2934.524;100.000;128.000;16930.000;395338;0;0;
2933.820;100.000;128.000;16931.000;395371;0;0;
2930.595;100.000;128.000;16932.000;395404;0;0;
2927.608;100.000;128.000;16933.000;395437;0;0;
2922.979;100.000;128.000;16934.000;395470;0;0;
2919.791;100.000;128.000;16935.000;395503;0;0;
2939.300;100.000;128.000;16936.000;395536;0;0;
2924.470;100.000;128.000;16937.000;395569;0;0;
2924.583;100.000;128.000;16938.000;395602;0;0;
2929.311;100.000;128.000;16939.000;395635;0;0;
2929.053;100.000;128.000;16940.000;395668;0;0;
2936.978;100.000;128.000;16941.000;395701;0;0;
2936.346;100.000;128.000;16942.000;395734;0;0;
2924.209;100.000;128.000;16943.000;395767;0;0;
2927.813;100.000;128.000;16944.000;395801;0;0;
2940.269;100.000;128.000;16945.000;395834;0;0;
2939.104;100.000;128.000;16946.000;395867;0;0;
2935.725;100.000;128.000;16947.000;395900;0;0;
3000.045;100.000;128.000;16948.000;395933;0;0;
3012.180;20.562;0.000;16949.000;395966;0;0;
1892.149;7.204;0.000;16950.000;396000;0;0;
1853.045;17.363;0.000;16951.000;396033;0;0;
1905.504;8.059;0.000;16952.000;396066;0;0;
1864.088;15.189;0.000;16953.000;396099;0;0;
1866.907;29.060;0.000;16954.000;396133;0;0;
1867.910;27.985;0.000;16955.000;396166;0;0;
1860.594;23.321;0.000;16956.000;396199;0;0;
1859.192;26.642;0.000;16957.000;396232;0;0;
1862.967;21.587;0.000;16958.000;396266;0;0;
1858.692;25.519;0.000;16959.000;396299;0;0;
1864.942;20.000;0.000;16960.000;396333;0;0;
1855.568;17.729;0.000;16961.000;396366;0;0;
1867.676;11.990;0.000;16962.000;396400;0;0;
1844.820;11.355;0.000;16963.000;396433;0;0;
1861.607;9.231;0.000;16964.000;396467;0;0;
2261.341;9.011;0.000;16965.000;396500;0;0;
3003.928;75.800;0.000;16966.000;396534;0;0;
2974.106;100.000;128.000;16967.000;396567;0;0;
2946.710;100.000;128.000;16968.000;396601;0;0;
2945.133;100.000;128.000;16969.000;396634;0;0;
2938.219;100.000;128.000;16970.000;396668;0;0;
2936.963;100.000;128.000;16971.000;396702;0;0;
2936.527;100.000;128.000;16972.000;396735;0;0;
2929.751;100.000;128.000;16973.000;396769;0;0;
2940.018;100.000;128.000;16974.000;396803;0;0;
2939.671;100.000;128.000;16975.000;396836;0;0;
2928.755;100.000;128.000;16976.000;396870;0;0;
2935.268;100.000;128.000;16977.000;396904;0;0;
2932.850;100.000;128.000;16978.000;396937;0;0;
2935.751;100.000;128.000;16979.000;396971;0;0;
2936.360;100.000;128.000;16980.000;397005;0;0;
2933.627;100.000;128.000;16981.000;397038;0;0;
2934.587;100.000;128.000;16982.000;397072;0;0;
2940.883;100.000;128.000;16983.000;397106;0;0;
2937.892;100.000;128.000;16984.000;397140;0;0;
2950.256;100.000;128.000;16985.000;397173;0;0;
2948.400;100.000;128.000;16986.000;397207;0;0;
2955.643;100.000;128.000;16987.000;397241;0;0;
2948.319;100.000;128.000;16988.000;397275;0;0;
2954.203;100.000;128.000;16989.000;397309;0;0;
3000.925;100.000;128.000;16990.000;397343;0;0;
3001.254;17.460;0.000;16991.000;397377;0;0;
1840.356;7.497;0.000;16992.000;397411;0;0;
1849.357;11.551;0.000;16993.000;397445;0;0;
1874.761;15.238;0.000;16994.000;397479;0;0;
1867.433;16.142;0.000;16995.000;397513;0;0;
1872.037;24.322;0.000;16996.000;397547;0;0;
1869.063;34.505;0.000;16997.000;397581;0;0;
1863.224;28.816;0.000;16998.000;397615;0;0;
1861.088;21.441;0.000;16999.000;397649;0;0;
1852.539;34.432;0.000;17000.000;397683;0;0;
1863.678;26.545;0.000;17001.000;397717;0;0;
1866.828;22.271;0.000;17002.000;397751;0;0;
1857.520;27.619;0.000;17003.000;397785;0;0;
1861.216;23.907;0.000;17004.000;397819;0;0;
1850.924;15.604;0.000;17005.000;397853;0;0;
1855.442;8.010;0.000;17006.000;397887;0;0;
2931.882;10.476;0.000;17007.000;397921;0;0;
3013.019;100.000;128.000;17008.000;397955;0;0;
2949.611;100.000;128.000;17009.000;397989;0;0;
2942.832;100.000;128.000;17010.000;398024;0;0;
2944.037;100.000;128.000;17011.000;398058;0;0;
2960.366;100.000;128.000;17012.000;398091;0;0;
2943.679;100.000;128.000;17013.000;398126;0;0;
2944.620;100.000;128.000;17014.000;398160;0;0;
2935.636;100.000;128.000;17015.000;398194;0;0;
2941.295;100.000;128.000;17016.000;398228;0;0;
2938.189;100.000;128.000;17017.000;398262;0;0;
2946.569;100.000;128.000;17018.000;398296;0;0;
2937.271;100.000;128.000;17019.000;398330;0;0;
2927.337;100.000;128.000;17020.000;398364;0;0;
2937.575;100.000;128.000;17021.000;398398;0;0;
2935.400;100.000;128.000;17022.000;398432;0;0;
2935.704;100.000;128.000;17023.000;398466;0;0;
2937.298;100.000;128.000;17024.000;398500;0;0;
2943.163;100.000;128.000;17025.000;398534;0;0;
2944.417;100.000;128.000;17026.000;398569;0;0;
2940.621;100.000;128.000;17027.000;398603;0;0;
2938.838;100.000;128.000;17028.000;398637;0;0;
2934.948;100.000;128.000;17029.000;398671;0;0;
2952.726;100.000;128.000;17030.000;398706;0;0;
3012.113;100.000;128.000;17031.000;398740;0;0;
2953.311;14.335;0.000;17032.000;398774;0;0;
1861.185;6.716;0.000;17033.000;398808;0;0;
1891.900;10.256;0.000;17034.000;398842;0;0;
1875.208;5.641;0.000;17035.000;398877;0;0;
1879.704;20.781;0.000;17036.000;398911;0;0;
1873.612;64.957;0.000;17037.000;398945;0;0;
1870.399;56.166;0.000;17038.000;398979;0;0;
1870.088;44.860;0.000;17039.000;399014;0;0;
1865.783;13.968;0.000;17040.000;399048;0;0;
1870.858;37.289;0.000;17041.000;399082;0;0;
1871.468;26.593;0.000;17042.000;399116;0;0;
1864.493;98.999;0.000;17043.000;399151;0;0;
1854.670;98.999;0.000;17044.000;399185;0;0;
1837.423;17.998;0.000;17045.000;399219;0;0;
1856.330;9.426;0.000;17046.000;399253;0;0;
1843.507;8.669;0.000;17047.000;399287;0;0;
2971.832;15.043;0.000;17048.000;399322;0;0;
3000.065;100.000;128.000;17049.000;399356;0;0;
2940.556;100.000;128.000;17050.000;399390;0;0;
2938.993;100.000;128.000;17051.000;399424;0;0;
2946.634;100.000;128.000;17052.000;399458;0;0;
2940.050;100.000;128.000;17053.000;399493;0;0;
2959.433;100.000;128.000;17054.000;399527;0;0;
2942.843;100.000;128.000;17055.000;399561;0;0;
2951.165;100.000;128.000;17056.000;399595;0;0;
2937.472;100.000;128.000;17057.000;399630;0;0;
2940.484;100.000;128.000;17058.000;399664;0;0;
2940.120;100.000;128.000;17059.000;399698;0;0;
2938.757;100.000;128.000;17060.000;399732;0;0;
2934.097;100.000;128.000;17061.000;399766;0;0;
2935.709;100.000;128.000;17062.000;399801;0;0;
2947.814;100.000;128.000;17063.000;399835;0;0;
2953.313;100.000;128.000;17064.000;399869;0;0;
2938.664;100.000;128.000;17065.000;399903;0;0;
2939.321;100.000;128.000;17066.000;399937;0;0;
2951.330;100.000;128.000;17067.000;399971;0;0;
2946.488;100.000;128.000;17068.000;400005;0;0;
2958.220;100.000;128.000;17069.000;400040;0;0;
2959.354;100.000;128.000;17070.000;400074;0;0;
2993.989;100.000;128.000;17071.000;400108;0;0;
3019.919;20.391;0.000;17072.000;400142;0;0;
1853.664;10.427;0.000;17073.000;400176;0;0;
1876.402;11.282;0.000;17074.000;400210;0;0;
1869.618;13.993;0.000;17075.000;400244;0;0;
1875.228;20.830;0.000;17076.000;400278;0;0;
1877.208;24.420;0.000;17077.000;400313;0;0;
1866.439;26.569;0.000;17078.000;400347;0;0;
1858.294;28.034;0.000;17079.000;400381;0;0;
1862.585;27.375;0.000;17080.000;400415;0;0;
1857.538;29.035;0.000;17081.000;400449;0;0;
1864.790;23.639;0.000;17082.000;400483;0;0;
1865.479;17.924;0.000;17083.000;400517;0;0;
1860.481;26.960;0.000;17084.000;400552;0;0;
1842.810;13.944;0.000;17085.000;400586;0;0;
1854.498;10.061;0.000;17086.000;400620;0;0;
1867.193;10.232;0.000;17087.000;400654;0;0;
2932.085;13.333;0.000;17088.000;400688;0;0;
3009.459;100.000;128.000;17089.000;400722;0;0;
2947.562;100.000;128.000;17090.000;400756;0;0;
2948.392;100.000;128.000;17091.000;400790;0;0;
2951.915;100.000;128.000;17092.000;400825;0;0;
2937.935;100.000;128.000;17093.000;400858;0;0;
2944.064;100.000;128.000;17094.000;400893;0;0;
2948.702;100.000;128.000;17095.000;400927;0;0;
2937.225;100.000;128.000;17096.000;400961;0;0;
2939.613;100.000;128.000;17097.000;400995;0;0;
2933.151;100.000;128.000;17098.000;401029;0;0;
2948.648;100.000;128.000;17099.000;401063;0;0;
2943.835;100.000;128.000;17100.000;401097;0;0;
2944.324;100.000;128.000;17101.000;401131;0;0;
2949.320;100.000;128.000;17102.000;401165;0;0;
2945.694;100.000;128.000;17103.000;401199;0;0;
2948.211;100.000;128.000;17104.000;401233;0;0;
2961.139;100.000;128.000;17105.000;401267;0;0;
2955.564;100.000;128.000;17106.000;401301;0;0;
2948.408;100.000;128.000;17107.000;401335;0;0;
2961.814;100.000;128.000;17108.000;401369;0;0;
2952.767;100.000;128.000;17109.000;401403;0;0;
2954.800;100.000;128.000;17110.000;401436;0;0;
2951.023;100.000;128.000;17111.000;401470;0;0;
3007.074;100.000;128.000;17112.000;401504;0;0;
2957.966;13.016;0.000;17113.000;401538;0;0;
1866.530;9.353;0.000;17114.000;401572;0;0;
1868.661;10.330;0.000;17115.000;401606;0;0;
1868.969;16.972;0.000;17116.000;401640;0;0;
1874.807;26.349;0.000;17117.000;401674;0;0;
1871.893;17.778;0.000;17118.000;401708;0;0;
1868.695;28.816;0.000;17119.000;401741;0;0;
1860.679;52.381;0.000;17120.000;401775;0;0;
1860.725;42.686;0.000;17121.000;401809;0;0;
1863.739;29.280;0.000;17122.000;401843;0;0;
1872.268;22.247;0.000;17123.000;401877;0;0;
1874.998;21.148;0.000;17124.000;401911;0;0;
1864.482;17.167;0.000;17125.000;401945;0;0;
1865.591;11.526;0.000;17126.000;401979;0;0;
1850.668;9.206;0.000;17127.000;402012;0;0;
1851.700;7.424;0.000;17128.000;402046;0;0;
2928.618;11.624;0.000;17129.000;402080;0;0;
3015.232;100.000;128.000;17130.000;402114;0;0;
2962.341;100.000;128.000;17131.000;402148;0;0;
2959.470;100.000;128.000;17132.000;402182;0;0;
2954.006;100.000;128.000;17133.000;402215;0;0;
2952.889;100.000;128.000;17134.000;402249;0;0;
2943.118;100.000;128.000;17135.000;402283;0;0;
2958.371;100.000;128.000;17136.000;402317;0;0;
2939.534;100.000;128.000;17137.000;402351;0;0;
2950.052;100.000;128.000;17138.000;402385;0;0;
2948.988;100.000;128.000;17139.000;402419;0;0;
2948.653;100.000;128.000;17140.000;402453;0;0;
2940.541;100.000;128.000;17141.000;402487;0;0;
2934.918;100.000;128.000;17142.000;402521;0;0;
2936.580;100.000;128.000;17143.000;402554;0;0;
2946.036;100.000;128.000;17144.000;402588;0;0;
2951.336;100.000;128.000;17145.000;402622;0;0;
2945.123;100.000;128.000;17146.000;402656;0;0;
2954.797;100.000;128.000;17147.000;402690;0;0;
2959.604;100.000;128.000;17148.000;402724;0;0;
2961.351;100.000;128.000;17149.000;402757;0;0;
2962.689;100.000;128.000;17150.000;402791;0;0;
2959.222;100.000;128.000;17151.000;402825;0;0;
2989.154;100.000;128.000;17152.000;402859;0;0;
3029.568;100.000;128.000;17153.000;402893;0;0;
2947.665;9.328;0.000;17154.000;402926;0;0;
1874.318;8.571;0.000;17155.000;402960;0;0;
1862.232;11.136;0.000;17156.000;402993;0;0;
1871.174;17.070;0.000;17157.000;403027;0;0;
1874.695;24.786;0.000;17158.000;403061;0;0;
1867.081;27.937;0.000;17159.000;403094;0;0;
1864.870;38.852;0.000;17160.000;403128;0;0;
1854.110;48.791;0.000;17161.000;403162;0;0;
1854.949;30.208;0.000;17162.000;403195;0;0;
1860.722;37.973;0.000;17163.000;403229;0;0;
1864.432;39.560;0.000;17164.000;403262;0;0;
1862.808;33.675;0.000;17165.000;403296;0;0;
1862.299;21.490;0.000;17166.000;403329;0;0;
1854.870;22.613;0.000;17167.000;403363;0;0;
1848.093;15.433;0.000;17168.000;403397;0;0;
1860.514;12.210;0.000;17169.000;403430;0;0;
2937.259;13.333;0.000;17170.000;403464;0;0;
3001.912;100.000;128.000;17171.000;403497;0;0;
2958.197;100.000;128.000;17172.000;403531;0;0;
2947.887;100.000;128.000;17173.000;403564;0;0;
2948.138;100.000;128.000;17174.000;403598;0;0;
2950.287;100.000;128.000;17175.000;403632;0;0;
2940.092;100.000;128.000;17176.000;403665;0;0;
2938.554;100.000;128.000;17177.000;403699;0;0;
2944.577;100.000;128.000;17178.000;403732;0;0;
2938.264;100.000;128.000;17179.000;403766;0;0;
2948.264;100.000;128.000;17180.000;403799;0;0;
2938.778;100.000;128.000;17181.000;403833;0;0;
2951.081;100.000;128.000;17182.000;403866;0;0;
2945.353;100.000;128.000;17183.000;403900;0;0;
2937.462;100.000;128.000;17184.000;403933;0;0;
2950.813;100.000;128.000;17185.000;403967;0;0;
2949.290;100.000;128.000;17186.000;404000;0;0;
2942.479;100.000;128.000;17187.000;404034;0;0;
2950.553;100.000;128.000;17188.000;404067;0;0;
2951.269;100.000;128.000;17189.000;404101;0;0;
2951.673;100.000;128.000;17190.000;404134;0;0;
2946.419;100.000;128.000;17191.000;404168;0;0;
2953.726;100.000;128.000;17192.000;404201;0;0;
2962.815;100.000;128.000;17193.000;404235;0;0;
3012.869;100.000;128.000;17194.000;404268;0;0;
2916.029;11.160;0.000;17195.000;404302;0;0;
1890.748;6.227;0.000;17196.000;404335;0;0;
1867.128;7.448;0.000;17197.000;404368;0;0;
1873.761;13.431;0.000;17198.000;404402;0;0;
1874.142;16.825;0.000;17199.000;404435;0;0;
1867.479;20.586;0.000;17200.000;404469;0;0;
1870.995;18.584;0.000;17201.000;404502;0;0;
1867.747;81.319;0.000;17202.000;404535;0;0;
1864.879;62.613;0.000;17203.000;404569;0;0;
1868.318;31.111;0.000;17204.000;404602;0;0;
1868.502;29.280;0.000;17205.000;404636;0;0;
1866.302;22.247;0.000;17206.000;404669;0;0;
1859.495;23.004;0.000;17207.000;404702;0;0;
1852.497;16.484;0.000;17208.000;404736;0;0;
1852.256;8.181;0.000;17209.000;404769;0;0;
1903.885;6.960;0.000;17210.000;404803;0;0;
3022.697;14.994;0.000;17211.000;404836;0;0;
2998.945;100.000;128.000;17212.000;404870;0;0;
2960.405;100.000;128.000;17213.000;404903;0;0;
2971.386;100.000;128.000;17214.000;404937;0;0;
2974.232;100.000;128.000;17215.000;404970;0;0;
2947.927;100.000;128.000;17216.000;405004;0;0;
2955.394;100.000;128.000;17217.000;405037;0;0;
2958.230;100.000;128.000;17218.000;405070;0;0;
2947.088;100.000;128.000;17219.000;405104;0;0;
2950.924;100.000;128.000;17220.000;405137;0;0;
2956.375;100.000;128.000;17221.000;405171;0;0;
2953.199;100.000;128.000;17222.000;405204;0;0;
2950.793;100.000;128.000;17223.000;405238;0;0;
2940.669;100.000;128.000;17224.000;405271;0;0;
2951.568;100.000;128.000;17225.000;405304;0;0;
2951.285;100.000;128.000;17226.000;405338;0;0;
2951.806;100.000;128.000;17227.000;405371;0;0;
2949.884;100.000;128.000;17228.000;405405;0;0;
2953.733;100.000;128.000;17229.000;405438;0;0;
2955.612;100.000;128.000;17230.000;405472;0;0;
2945.053;100.000;128.000;17231.000;405505;0;0;
2945.191;100.000;128.000;17232.000;405538;0;0;
2955.529;100.000;128.000;17233.000;405572;0;0;
2965.391;100.000;128.000;17234.000;405605;0;0;
2992.061;100.000;128.000;17235.000;405639;0;0;
3022.288;100.000;128.000;17236.000;405672;0;0;
2813.581;8.694;0.000;17237.000;405706;0;0;
1884.986;5.788;0.000;17238.000;405739;0;0;
1870.282;7.497;0.000;17239.000;405772;0;0;
1877.109;17.363;0.000;17240.000;405806;0;0;
1878.688;30.598;0.000;17241.000;405839;0;0;
1873.509;50.354;0.000;17242.000;405873;0;0;
1871.607;28.376;0.000;17243.000;405906;0;0;
1866.832;22.295;0.000;17244.000;405940;0;0;
1868.489;38.144;0.000;17245.000;405973;0;0;
1867.475;48.523;0.000;17246.000;406007;0;0;
1872.422;19.585;0.000;17247.000;406040;0;0;
1864.850;17.094;0.000;17248.000;406074;0;0;
1863.892;8.571;0.000;17249.000;406107;0;0;
1867.991;10.085;0.000;17250.000;406140;0;0;
1884.430;12.747;0.000;17251.000;406174;0;0;
1821.936;12.601;0.000;17252.000;406208;0;0;
3046.492;61.026;0.000;17253.000;406241;0;0;
2955.888;100.000;128.000;17254.000;406274;0;0;
2965.046;100.000;128.000;17255.000;406308;0;0;
2963.638;100.000;128.000;17256.000;406342;0;0;
2956.697;100.000;128.000;17257.000;406375;0;0;
2956.083;100.000;128.000;17258.000;406409;0;0;
2961.730;100.000;128.000;17259.000;406442;0;0;
2961.040;100.000;128.000;17260.000;406475;0;0;
2959.686;100.000;128.000;17261.000;406509;0;0;
2949.512;100.000;128.000;17262.000;406542;0;0;
2950.365;100.000;128.000;17263.000;406576;0;0;
2945.191;100.000;128.000;17264.000;406609;0;0;
2949.859;100.000;128.000;17265.000;406643;0;0;
2940.238;100.000;128.000;17266.000;406676;0;0;
2937.178;100.000;128.000;17267.000;406710;0;0;
2937.698;100.000;128.000;17268.000;406743;0;0;
2934.374;100.000;128.000;17269.000;406776;0;0;
2939.261;100.000;128.000;17270.000;406810;0;0;
2956.727;100.000;128.000;17271.000;406843;0;0;
2949.924;100.000;128.000;17272.000;406877;0;0;
2946.590;100.000;128.000;17273.000;406910;0;0;
2951.400;100.000;128.000;17274.000;406944;0;0;
2956.674;100.000;128.000;17275.000;406977;0;0;
2988.999;100.000;128.000;17276.000;407010;0;0;
2983.709;53.455;0.000;17277.000;407044;0;0;
1818.760;11.062;0.000;17278.000;407077;0;0;
1879.602;40.317;0.000;17279.000;407111;0;0;
1888.132;40.220;0.000;17280.000;407144;0;0;
1909.526;38.266;0.000;17281.000;407177;0;0;
1893.090;12.234;0.000;17282.000;407211;0;0;
1879.304;14.896;0.000;17283.000;407244;0;0;
1869.436;20.073;0.000;17284.000;407277;0;0;
1864.116;16.728;0.000;17285.000;407311;0;0;
1863.644;16.386;0.000;17286.000;407344;0;0;
1867.404;16.777;0.000;17287.000;407378;0;0;
1864.574;15.751;0.000;17288.000;407411;0;0;
1862.884;12.650;0.000;17289.000;407444;0;0;
1864.187;12.137;0.000;17290.000;407478;0;0;
1853.971;8.327;0.000;17291.000;407511;0;0;
1863.986;6.496;0.000;17292.000;407544;0;0;
2923.156;6.056;0.000;17293.000;407578;0;0;
3036.060;92.210;0.000;17294.000;407611;0;0;
2969.820;100.000;128.000;17295.000;407644;0;0;
2951.795;100.000;128.000;17296.000;407677;0;0;
2961.979;100.000;128.000;17297.000;407711;0;0;
2972.821;100.000;128.000;17298.000;407744;0;0;
2973.444;100.000;128.000;17299.000;407777;0;0;
2964.778;100.000;128.000;17300.000;407810;0;0;
2958.900;100.000;128.000;17301.000;407844;0;0;
2960.693;100.000;128.000;17302.000;407877;0;0;
2963.281;100.000;128.000;17303.000;407910;0;0;
2946.729;100.000;128.000;17304.000;407943;0;0;
2943.089;100.000;128.000;17305.000;407976;0;0;
2970.795;100.000;128.000;17306.000;408010;0;0;
2951.865;100.000;128.000;17307.000;408043;0;0;
2964.213;100.000;128.000;17308.000;408076;0;0;
2949.153;100.000;128.000;17309.000;408109;0;0;
2949.269;100.000;128.000;17310.000;408142;0;0;
2961.561;100.000;128.000;17311.000;408176;0;0;
2970.052;100.000;128.000;17312.000;408209;0;0;
2965.719;100.000;128.000;17313.000;408242;0;0;
2965.646;100.000;128.000;17314.000;408275;0;0;
2986.040;100.000;128.000;17315.000;408308;0;0;
2978.611;100.000;128.000;17316.000;408341;0;0;
2980.985;100.000;128.000;17317.000;408375;0;0;
2983.487;100.000;128.000;17318.000;408408;0;0;
2741.810;8.107;0.000;17319.000;408441;0;0;
2134.355;2.369;0.000;17320.000;408474;0;0;
0.000;0.000;0.000;17321.000;408508;0;0;
1882.718;3.590;0.000;17322.000;408541;0;0;
0.000;0.000;0.000;17323.000;408574;0;0;
1873.676;5.836;0.000;17324.000;408607;0;0;
1883.837;8.498;0.000;17325.000;408641;0;0;
1864.288;8.938;0.000;17326.000;408674;0;0;
1861.035;9.011;0.000;17327.000;408707;0;0;
1866.339;9.573;0.000;17328.000;408740;0;0;
1854.108;9.499;0.000;17329.000;408774;0;0;
1854.359;9.377;0.000;17330.000;408807;0;0;
1842.111;6.716;0.000;17331.000;408840;0;0;
1869.264;5.519;0.000;17332.000;408873;0;0;
1861.208;5.739;0.000;17333.000;408907;0;0;
2339.605;3.346;0.000;17334.000;408940;0;0;
3310.343;8.425;0.000;17335.000;408973;0;0;
3034.442;100.000;128.000;17336.000;409006;0;0;
2997.950;100.000;128.000;17337.000;409039;0;0;
2984.104;100.000;128.000;17338.000;409073;0;0;
2996.208;100.000;128.000;17339.000;409106;0;0;
2991.796;100.000;128.000;17340.000;409139;0;0;
2993.568;100.000;128.000;17341.000;409172;0;0;
3005.479;100.000;128.000;17342.000;409206;0;0;
2992.466;100.000;128.000;17343.000;409239;0;0;
2997.770;100.000;128.000;17344.000;409272;0;0;
2979.367;100.000;128.000;17345.000;409305;0;0;
2982.212;100.000;128.000;17346.000;409338;0;0;
2983.327;100.000;128.000;17347.000;409372;0;0;
2990.655;100.000;128.000;17348.000;409405;0;0;
2995.836;100.000;128.000;17349.000;409438;0;0;
3005.075;100.000;128.000;17350.000;409471;0;0;
3001.704;100.000;128.000;17351.000;409504;0;0;
2976.074;100.000;128.000;17352.000;409537;0;0;
2981.236;100.000;128.000;17353.000;409570;0;0;
2982.084;100.000;128.000;17354.000;409603;0;0;
2997.172;100.000;128.000;17355.000;409636;0;0;
2983.383;100.000;128.000;17356.000;409669;0;0;
2991.688;100.000;128.000;17357.000;409703;0;0;
3003.460;100.000;128.000;17358.000;409735;0;0;
3001.069;100.000;128.000;17359.000;409769;0;0;
2984.476;98.999;0.000;17360.000;409802;0;0;
2826.800;18.510;0.000;17361.000;409834;0;0;
2353.839;3.126;0.000;17362.000;409867;0;0;
0.000;0.000;0.000;17363.000;409900;0;0;
0.000;0.000;0.000;17364.000;409933;0;0;
0.000;0.000;0.000;17365.000;409966;0;0;
0.000;0.000;0.000;17366.000;409999;0;0;
0.000;0.000;0.000;17367.000;410032;0;0;
0.000;0.000;0.000;17368.000;410065;0;0;
0.000;0.000;0.000;17369.000;410098;0;0;
0.000;0.000;0.000;17370.000;410131;0;0;
0.000;0.000;0.000;17371.000;410164;0;0;
0.000;0.000;0.000;17372.000;410197;0;0;
0.000;0.000;0.000;17373.000;410230;0;0;
0.000;0.000;0.000;17374.000;410263;0;0;
0.000;0.000;0.000;17375.000;410296;0;0;
0.000;0.000;0.000;17376.000;410329;0;0;
0.000;0.000;0.000;17377.000;410361;0;0;
0.000;0.000;0.000;17378.000;410394;0;0;
0.000;0.000;0.000;17379.000;410427;0;0;
0.000;0.000;0.000;17380.000;410460;0;0;
0.000;0.000;0.000;17381.000;410493;0;0;
0.000;0.000;0.000;17382.000;410525;0;0;
0.000;0.000;0.000;17383.000;410558;0;0;
0.000;0.000;0.000;17384.000;410591;0;0;
0.000;0.000;0.000;17385.000;410624;0;0;
0.000;0.000;0.000;17386.000;410656;0;0;
0.000;0.000;0.000;17387.000;410689;0;0;
0.000;0.000;0.000;17388.000;410722;0;0;
0.000;0.000;0.000;17389.000;410754;0;0;
0.000;0.000;0.000;17390.000;410787;0;0;
0.000;0.000;0.000;17391.000;410819;0;0;
0.000;0.000;0.000;17392.000;410852;0;0;
0.000;0.000;0.000;17393.000;410885;0;0;
0.000;0.000;0.000;17394.000;410917;0;0;
0.000;0.000;0.000;17395.000;410949;0;0;
0.000;0.000;0.000;17396.000;410982;0;0;
0.000;0.000;0.000;17397.000;411014;0;0;
0.000;0.000;0.000;17398.000;411047;0;0;
0.000;0.000;0.000;17399.000;411079;0;0;
0.000;0.000;0.000;17400.000;411112;0;0;
0.000;0.000;0.000;17401.000;411144;0;0;
0.000;0.000;0.000;17402.000;411176;0;0;
0.000;0.000;0.000;17403.000;411209;0;0;
0.000;0.000;0.000;17404.000;411241;0;0;
0.000;0.000;0.000;17405.000;411273;0;0;
0.000;0.000;0.000;17406.000;411306;0;0;
0.000;0.000;0.000;17407.000;411338;0;0;
0.000;0.000;0.000;17408.000;411370;0;0;
0.000;0.000;0.000;17409.000;411402;0;0;
0.000;0.000;0.000;17410.000;411434;0;0;
0.000;0.000;0.000;17411.000;411467;0;0;
0.000;0.000;0.000;17412.000;411499;0;0;
0.000;0.000;0.000;17413.000;411531;0;0;
0.000;0.000;0.000;17414.000;411563;0;0;
0.000;0.000;0.000;17415.000;411595;0;0;
0.000;0.000;0.000;17416.000;411627;0;0;
0.000;0.000;0.000;17417.000;411659;0;0;
0.000;0.000;0.000;17418.000;411691;0;0;
0.000;0.000;0.000;17419.000;411723;0;0;
0.000;0.000;0.000;17420.000;411754;0;0;
0.000;0.000;0.000;17421.000;411786;0;0;
0.000;0.000;0.000;17422.000;411818;0;0;
0.000;0.000;0.000;17423.000;411850;0;0;
0.000;0.000;0.000;17424.000;411882;0;0;
0.000;0.000;0.000;17425.000;411913;0;0;
0.000;0.000;0.000;17426.000;411945;0;0;
0.000;0.000;0.000;17427.000;411977;0;0;
0.000;0.000;0.000;17428.000;412008;0;0;
0.000;0.000;0.000;17429.000;412040;0;0;
0.000;0.000;0.000;17430.000;412072;0;0;
0.000;0.000;0.000;17431.000;412103;0;0;
0.000;0.000;0.000;17432.000;412135;0;0;
0.000;0.000;0.000;17433.000;412166;0;0;
0.000;0.000;0.000;17434.000;412198;0;0;
0.000;0.000;0.000;17435.000;412229;0;0;
0.000;0.000;0.000;17436.000;412261;0;0;
0.000;0.000;0.000;17437.000;412292;0;0;
0.000;0.000;0.000;17438.000;412323;0;0;
0.000;0.000;0.000;17439.000;412355;0;0;
0.000;0.000;0.000;17440.000;412386;0;0;
0.000;0.000;0.000;17441.000;412417;0;0;
0.000;0.000;0.000;17442.000;412448;0;0;
0.000;0.000;0.000;17443.000;412479;0;0;
0.000;0.000;0.000;17444.000;412511;0;0;
0.000;0.000;0.000;17445.000;412542;0;0;
0.000;0.000;0.000;17446.000;412573;0;0;
0.000;0.000;0.000;17447.000;412604;0;0;
0.000;0.000;0.000;17448.000;412634;0;0;
0.000;0.000;0.000;17449.000;412665;0;0;
0.000;0.000;0.000;17450.000;412696;0;0;
0.000;0.000;0.000;17451.000;412727;0;0;
0.000;0.000;0.000;17452.000;412758;0;0;
0.000;0.000;0.000;17453.000;412788;0;0;
0.000;0.000;0.000;17454.000;412819;0;0;
0.000;0.000;0.000;17455.000;412849;0;0;
0.000;0.000;0.000;17456.000;412880;0;0;
0.000;0.000;0.000;17457.000;412910;0;0;
0.000;0.000;0.000;17458.000;412941;0;0;
0.000;0.000;0.000;17459.000;412971;0;0;
0.000;0.000;0.000;17460.000;413001;0;0;
0.000;0.000;0.000;17461.000;413032;0;0;
0.000;0.000;0.000;17462.000;413062;0;0;
0.000;0.000;0.000;17463.000;413092;0;0;
0.000;0.000;0.000;17464.000;413122;0;0;
0.000;0.000;0.000;17465.000;413152;0;0;
0.000;0.000;0.000;17466.000;413182;0;0;
0.000;0.000;0.000;17467.000;413212;0;0;
0.000;0.000;0.000;17468.000;413242;0;0;
0.000;0.000;0.000;17469.000;413272;0;0;
0.000;0.000;0.000;17470.000;413302;0;0;
0.000;0.000;0.000;17471.000;413331;0;0;
0.000;0.000;0.000;17472.000;413361;0;0;
0.000;0.000;0.000;17473.000;413390;0;0;
0.000;0.000;0.000;17474.000;413420;0;0;
0.000;0.000;0.000;17475.000;413449;0;0;
0.000;0.000;0.000;17476.000;413479;0;0;
0.000;0.000;0.000;17477.000;413508;0;0;
0.000;0.000;0.000;17478.000;413537;0;0;
0.000;0.000;0.000;17479.000;413566;0;0;
0.000;0.000;0.000;17480.000;413596;0;0;
0.000;0.000;0.000;17481.000;413625;0;0;
0.000;0.000;0.000;17482.000;413654;0;0;
0.000;0.000;0.000;17483.000;413683;0;0;
0.000;0.000;0.000;17484.000;413711;0;0;
0.000;0.000;0.000;17485.000;413740;0;0;
0.000;0.000;0.000;17486.000;413769;0;0;
0.000;0.000;0.000;17487.000;413797;0;0;
0.000;0.000;0.000;17488.000;413826;0;0;
0.000;0.000;0.000;17489.000;413854;0;0;
0.000;0.000;0.000;17490.000;413883;0;0;
0.000;0.000;0.000;17491.000;413911;0;0;
0.000;0.000;0.000;17492.000;413940;0;0;
0.000;0.000;0.000;17493.000;413968;0;0;
0.000;0.000;0.000;17494.000;413996;0;0;
0.000;0.000;0.000;17495.000;414024;0;0;
0.000;0.000;0.000;17496.000;414052;0;0;
0.000;0.000;0.000;17497.000;414080;0;0;
0.000;0.000;0.000;17498.000;414108;0;0;
0.000;0.000;0.000;17499.000;414136;0;0;
0.000;0.000;0.000;17500.000;414164;0;0;
0.000;0.000;0.000;17501.000;414191;0;0;
0.000;0.000;0.000;17502.000;414219;0;0;
0.000;0.000;0.000;17503.000;414247;0;0;
0.000;0.000;0.000;17504.000;414274;0;0;
0.000;0.000;0.000;17505.000;414301;0;0;
0.000;0.000;0.000;17506.000;414329;0;0;
0.000;0.000;0.000;17507.000;414356;0;0;
0.000;0.000;0.000;17508.000;414383;0;0;
0.000;0.000;0.000;17509.000;414410;0;0;
0.000;0.000;0.000;17510.000;414437;0;0;
0.000;0.000;0.000;17511.000;414464;0;0;
0.000;0.000;0.000;17512.000;414491;0;0;
0.000;0.000;0.000;17513.000;414517;0;0;
0.000;0.000;0.000;17514.000;414544;0;0;
0.000;0.000;0.000;17515.000;414570;0;0;
0.000;0.000;0.000;17516.000;414597;0;0;
0.000;0.000;0.000;17517.000;414623;0;0;
0.000;0.000;0.000;17518.000;414649;0;0;
0.000;0.000;0.000;17519.000;414675;0;0;
0.000;0.000;0.000;17520.000;414701;0;0;
0.000;0.000;0.000;17521.000;414727;0;0;
0.000;0.000;0.000;17522.000;414753;0;0;
0.000;0.000;0.000;17523.000;414779;0;0;
0.000;0.000;0.000;17524.000;414804;0;0;
0.000;0.000;0.000;17525.000;414830;0;0;
0.000;0.000;0.000;17526.000;414855;0;0;
0.000;0.000;0.000;17527.000;414881;0;0;
0.000;0.000;0.000;17528.000;414906;0;0;
0.000;0.000;0.000;17529.000;414931;0;0;
0.000;0.000;0.000;17530.000;414956;0;0;
0.000;0.000;0.000;17531.000;414981;0;0;
0.000;0.000;0.000;17532.000;415006;0;0;
0.000;0.000;0.000;17533.000;415031;0;0;
0.000;0.000;0.000;17534.000;415055;0;0;
0.000;0.000;0.000;17535.000;415080;0;0;
0.000;0.000;0.000;17536.000;415105;0;0;
0.000;0.000;0.000;17537.000;415129;0;0;
0.000;0.000;0.000;17538.000;415153;0;0;
0.000;0.000;0.000;17539.000;415177;0;0;
0.000;0.000;0.000;17540.000;415201;0;0;
0.000;0.000;0.000;17541.000;415225;0;0;
0.000;0.000;0.000;17542.000;415249;0;0;
0.000;0.000;0.000;17543.000;415273;0;0;
0.000;0.000;0.000;17544.000;415296;0;0;
0.000;0.000;0.000;17545.000;415320;0;0;
0.000;0.000;0.000;17546.000;415343;0;0;
0.000;0.000;0.000;17547.000;415367;0;0;
0.000;0.000;0.000;17548.000;415390;0;0;
0.000;0.000;0.000;17549.000;415413;0;0;
0.000;0.000;0.000;17550.000;415436;0;0;
0.000;0.000;0.000;17551.000;415458;0;0;
0.000;0.000;0.000;17552.000;415481;0;0;
0.000;0.000;0.000;17553.000;415504;0;0;
0.000;0.000;0.000;17554.000;415526;0;0;
0.000;0.000;0.000;17555.000;415549;0;0;
0.000;0.000;0.000;17556.000;415571;0;0;
0.000;0.000;0.000;17557.000;415593;0;0;
0.000;0.000;0.000;17558.000;415615;0;0;
0.000;0.000;0.000;17559.000;415637;0;0;
0.000;0.000;0.000;17560.000;415658;0;0;
0.000;0.000;0.000;17561.000;415680;0;0;
0.000;0.000;0.000;17562.000;415702;0;0;
0.000;0.000;0.000;17563.000;415723;0;0;
0.000;0.000;0.000;17564.000;415744;0;0;
0.000;0.000;0.000;17565.000;415765;0;0;
0.000;0.000;0.000;17566.000;415786;0;0;
0.000;0.000;0.000;17567.000;415807;0;0;
0.000;0.000;0.000;17568.000;415828;0;0;
0.000;0.000;0.000;17569.000;415848;0;0;
0.000;0.000;0.000;17570.000;415869;0;0;
0.000;0.000;0.000;17571.000;415889;0;0;
0.000;0.000;0.000;17572.000;415909;0;0;
0.000;0.000;0.000;17573.000;415930;0;0;
0.000;0.000;0.000;17574.000;415950;0;0;
0.000;0.000;0.000;17575.000;415970;0;0;
0.000;0.000;0.000;17576.000;415989;0;0;
0.000;0.000;0.000;17577.000;416009;0;0;
0.000;0.000;0.000;17578.000;416028;0;0;
0.000;0.000;0.000;17579.000;416048;0;0;
0.000;0.000;0.000;17580.000;416067;0;0;
0.000;0.000;0.000;17581.000;416086;0;0;
0.000;0.000;0.000;17582.000;416105;0;0;
0.000;0.000;0.000;17583.000;416124;0;0;
0.000;0.000;0.000;17584.000;416143;0;0;
0.000;0.000;0.000;17585.000;416162;0;0;
0.000;0.000;0.000;17586.000;416180;0;0;
0.000;0.000;0.000;17587.000;416198;0;0;
0.000;0.000;0.000;17588.000;416217;0;0;
0.000;0.000;0.000;17589.000;416235;0;0;
0.000;0.000;0.000;17590.000;416253;0;0;
0.000;0.000;0.000;17591.000;416271;0;0;
0.000;0.000;0.000;17592.000;416288;0;0;
0.000;0.000;0.000;17593.000;416306;0;0;
0.000;0.000;0.000;17594.000;416324;0;0;
0.000;0.000;0.000;17595.000;416341;0;0;
0.000;0.000;0.000;17596.000;416358;0;0;
0.000;0.000;0.000;17597.000;416376;0;0;
0.000;0.000;0.000;17598.000;416393;0;0;
0.000;0.000;0.000;17599.000;416410;0;0;
0.000;0.000;0.000;17600.000;416426;0;0;
0.000;0.000;0.000;17601.000;416443;0;0;
0.000;0.000;0.000;17602.000;416460;0;0;
0.000;0.000;0.000;17603.000;416476;0;0;
0.000;0.000;0.000;17604.000;416492;0;0;
0.000;0.000;0.000;17605.000;416509;0;0;
0.000;0.000;0.000;17606.000;416525;0;0;
0.000;0.000;0.000;17607.000;416541;0;0;
0.000;0.000;0.000;17608.000;416557;0;0;
0.000;0.000;0.000;17609.000;416572;0;0;
0.000;0.000;0.000;17610.000;416588;0;0;
0.000;0.000;0.000;17611.000;416604;0;0;
0.000;0.000;0.000;17612.000;416619;0;0;
0.000;0.000;0.000;17613.000;416634;0;0;
0.000;0.000;0.000;17614.000;416650;0;0;
0.000;0.000;0.000;17615.000;416665;0;0;
0.000;0.000;0.000;17616.000;416680;0;0;
0.000;0.000;0.000;17617.000;416695;0;0;
0.000;0.000;0.000;17618.000;416709;0;0;
0.000;0.000;0.000;17619.000;416724;0;0;
0.000;0.000;0.000;17620.000;416738;0;0;
0.000;0.000;0.000;17621.000;416753;0;0;
0.000;0.000;0.000;17622.000;416767;0;0;
0.000;0.000;0.000;17623.000;416781;0;0;
0.000;0.000;0.000;17624.000;416795;0;0;
0.000;0.000;0.000;17625.000;416810;0;0;
0.000;0.000;0.000;17626.000;416823;0;0;
0.000;0.000;0.000;17627.000;416837;0;0;
0.000;0.000;0.000;17628.000;416851;0;0;
0.000;0.000;0.000;17629.000;416864;0;0;
0.000;0.000;0.000;17630.000;416878;0;0;
0.000;0.000;0.000;17631.000;416891;0;0;
0.000;0.000;0.000;17632.000;416904;0;0;
0.000;0.000;0.000;17633.000;416917;0;0;
0.000;0.000;0.000;17634.000;416930;0;0;
0.000;0.000;0.000;17635.000;416943;0;0;
0.000;0.000;0.000;17636.000;416956;0;0;
0.000;0.000;0.000;17637.000;416968;0;0;
0.000;0.000;0.000;17638.000;416981;0;0;
0.000;0.000;0.000;17639.000;416993;0;0;
0.000;0.000;0.000;17640.000;417006;0;0;
0.000;0.000;0.000;17641.000;417018;0;0;
0.000;0.000;0.000;17642.000;417030;0;0;
0.000;0.000;0.000;17643.000;417042;0;0;
0.000;0.000;0.000;17644.000;417054;0;0;
0.000;0.000;0.000;17645.000;417065;0;0;
0.000;0.000;0.000;17646.000;417077;0;0;
0.000;0.000;0.000;17647.000;417089;0;0;
0.000;0.000;0.000;17648.000;417100;0;0;
0.000;0.000;0.000;17649.000;417111;0;0;
0.000;0.000;0.000;17650.000;417122;0;0;
0.000;0.000;0.000;17651.000;417133;0;0;
0.000;0.000;0.000;17652.000;417144;0;0;
0.000;0.000;0.000;17653.000;417155;0;0;
0.000;0.000;0.000;17654.000;417166;0;0;
0.000;0.000;0.000;17655.000;417176;0;0;
0.000;0.000;0.000;17656.000;417187;0;0;
0.000;0.000;0.000;17657.000;417197;0;0;
0.000;0.000;0.000;17658.000;417207;0;0;
0.000;0.000;0.000;17659.000;417217;0;0;
0.000;0.000;0.000;17660.000;417227;0;0;
0.000;0.000;0.000;17661.000;417237;0;0;
0.000;0.000;0.000;17662.000;417247;0;0;
0.000;0.000;0.000;17663.000;417257;0;0;
0.000;0.000;0.000;17664.000;417266;0;0;
0.000;0.000;0.000;17665.000;417275;0;0;
0.000;0.000;0.000;17666.000;417285;0;0;
0.000;0.000;0.000;17667.000;417294;0;0;
0.000;0.000;0.000;17668.000;417303;0;0;
0.000;0.000;0.000;17669.000;417312;0;0;
0.000;0.000;0.000;17670.000;417321;0;0;
0.000;0.000;0.000;17671.000;417330;0;0;
0.000;0.000;0.000;17672.000;417338;0;0;
0.000;0.000;0.000;17673.000;417347;0;0;
0.000;0.000;0.000;17674.000;417355;0;0;
0.000;0.000;0.000;17675.000;417363;0;0;
0.000;0.000;0.000;17676.000;417371;0;0;
0.000;0.000;0.000;17677.000;417379;0;0;
0.000;0.000;0.000;17678.000;417387;0;0;
0.000;0.000;0.000;17679.000;417395;0;0;
0.000;0.000;0.000;17680.000;417403;0;0;
0.000;0.000;0.000;17681.000;417410;0;0;
0.000;0.000;0.000;17682.000;417417;0;0;
0.000;0.000;0.000;17683.000;417425;0;0;
0.000;0.000;0.000;17684.000;417432;0;0;
0.000;0.000;0.000;17685.000;417439;0;0;
0.000;0.000;0.000;17686.000;417446;0;0;
0.000;0.000;0.000;17687.000;417453;0;0;
0.000;0.000;0.000;17688.000;417460;0;0;
0.000;0.000;0.000;17689.000;417466;0;0;
0.000;0.000;0.000;17690.000;417473;0;0;
0.000;0.000;0.000;17691.000;417479;0;0;
0.000;0.000;0.000;17692.000;417485;0;0;
0.000;0.000;0.000;17693.000;417491;0;0;
0.000;0.000;0.000;17694.000;417497;0;0;
0.000;0.000;0.000;17695.000;417503;0;0;
0.000;0.000;0.000;17696.000;417509;0;0;
0.000;0.000;0.000;17697.000;417515;0;0;
0.000;0.000;0.000;17698.000;417520;0;0;
0.000;0.000;0.000;17699.000;417526;0;0;
0.000;0.000;0.000;17700.000;417531;0;0;
0.000;0.000;0.000;17701.000;417536;0;0;
0.000;0.000;0.000;17702.000;417541;0;0;
0.000;0.000;0.000;17703.000;417546;0;0;
0.000;0.000;0.000;17704.000;417551;0;0;
0.000;0.000;0.000;17705.000;417556;0;0;
0.000;0.000;0.000;17706.000;417560;0;0;
0.000;0.000;0.000;17707.000;417565;0;0;
0.000;0.000;0.000;17708.000;417569;0;0;
0.000;0.000;0.000;17709.000;417573;0;0;
0.000;0.000;0.000;17710.000;417577;0;0;
0.000;0.000;0.000;17711.000;417581;0;0;
0.000;0.000;0.000;17712.000;417585;0;0;
0.000;0.000;0.000;17713.000;417589;0;0;
0.000;0.000;0.000;17714.000;417592;0;0;
0.000;0.000;0.000;17715.000;417596;0;0;
0.000;0.000;0.000;17716.000;417599;0;0;
0.000;0.000;0.000;17717.000;417603;0;0;
0.000;0.000;0.000;17718.000;417606;0;0;
0.000;0.000;0.000;17719.000;417609;0;0;
0.000;0.000;0.000;17720.000;417612;0;0;
0.000;0.000;0.000;17721.000;417614;0;0;
0.000;0.000;0.000;17722.000;417617;0;0;
0.000;0.000;0.000;17723.000;417620;0;0;
0.000;0.000;0.000;17724.000;417622;0;0;
0.000;0.000;0.000;17725.000;417624;0;0;
0.000;0.000;0.000;17726.000;417627;0;0;
0.000;0.000;0.000;17727.000;417629;0;0;
0.000;0.000;0.000;17728.000;417630;0;0;
0.000;0.000;0.000;17729.000;417632;0;0;
0.000;0.000;0.000;17730.000;417634;0;0;
0.000;0.000;0.000;17731.000;417635;0;0;
0.000;0.000;0.000;17732.000;417637;0;0;
0.000;0.000;0.000;17733.000;417638;0;0;
0.000;0.000;0.000;17734.000;417639;0;0;
0.000;0.000;0.000;17735.000;417641;0;0;
0.000;0.000;0.000;17736.000;417642;0;0;
0.000;0.000;0.000;17737.000;417642;0;0;
0.000;0.000;0.000;17738.000;417643;0;0;
0.000;0.000;0.000;17739.000;417644;0;0;
0.000;0.000;0.000;17740.000;417644;0;0;
0.000;0.000;0.000;17741.000;417645;0;0;
0.000;0.000;0.000;17742.000;417645;0;0;
0.000;0.000;0.000;17743.000;417645;0;0;
0.000;0.000;0.000;17744.000;417645;0;0;
0.000;0.000;0.000;17745.000;417645;0;0;
0.000;0.000;0.000;17746.000;417645;0;0;
0.000;0.000;0.000;17747.000;417644;0;0;
0.000;0.000;0.000;17748.000;417644;0;0;
0.000;0.000;0.000;17749.000;417643;0;0;
0.000;0.000;0.000;17750.000;417643;0;0;
0.000;0.000;0.000;17751.000;417642;0;0;
0.000;0.000;0.000;17752.000;417641;0;0;
0.000;0.000;0.000;17753.000;417640;0;0;
0.000;0.000;0.000;17754.000;417639;0;0;
0.000;0.000;0.000;17755.000;417637;0;0;
0.000;0.000;0.000;17756.000;417636;0;0;
0.000;0.000;0.000;17757.000;417634;0;0;
0.000;0.000;0.000;17758.000;417633;0;0;
0.000;0.000;0.000;17759.000;417631;0;0;
0.000;0.000;0.000;17760.000;417629;0;0;
0.000;0.000;0.000;17761.000;417627;0;0;
0.000;0.000;0.000;17762.000;417625;0;0;
0.000;0.000;0.000;17763.000;417623;0;0;
0.000;0.000;0.000;17764.000;417621;0;0;
0.000;0.000;0.000;17765.000;417618;0;0;
0.000;0.000;0.000;17766.000;417616;0;0;
0.000;0.000;0.000;17767.000;417613;0;0;
0.000;0.000;0.000;17768.000;417610;0;0;
0.000;0.000;0.000;17769.000;417608;0;0;
0.000;0.000;0.000;17770.000;417605;0;0;
0.000;0.000;0.000;17771.000;417601;0;0;
0.000;0.000;0.000;17772.000;417598;0;0;
0.000;0.000;0.000;17773.000;417595;0;0;
0.000;0.000;0.000;17774.000;417591;0;0;
0.000;0.000;0.000;17775.000;417588;0;0;
0.000;0.000;0.000;17776.000;417584;0;0;
0.000;0.000;0.000;17777.000;417580;0;0;
0.000;0.000;0.000;17778.000;417576;0;0;
0.000;0.000;0.000;17779.000;417572;0;0;
0.000;0.000;0.000;17780.000;417568;0;0;
0.000;0.000;0.000;17781.000;417564;0;0;
0.000;0.000;0.000;17782.000;417560;0;0;
0.000;0.000;0.000;17783.000;417555;0;0;
0.000;0.000;0.000;17784.000;417551;0;0;
0.000;0.000;0.000;17785.000;417546;0;0;
0.000;0.000;0.000;17786.000;417541;0;0;
0.000;0.000;0.000;17787.000;417536;0;0;
0.000;0.000;0.000;17788.000;417531;0;0;
0.000;0.000;0.000;17789.000;417526;0;0;
0.000;0.000;0.000;17790.000;417521;0;0;
0.000;0.000;0.000;17791.000;417515;0;0;
0.000;0.000;0.000;17792.000;417510;0;0;
0.000;0.000;0.000;17793.000;417504;0;0;
0.000;0.000;0.000;17794.000;417498;0;0;
0.000;0.000;0.000;17795.000;417492;0;0;
0.000;0.000;0.000;17796.000;417486;0;0;
0.000;0.000;0.000;17797.000;417480;0;0;
0.000;0.000;0.000;17798.000;417474;0;0;
0.000;0.000;0.000;17799.000;417468;0;0;
0.000;0.000;0.000;17800.000;417461;0;0;
0.000;0.000;0.000;17801.000;417454;0;0;
0.000;0.000;0.000;17802.000;417448;0;0;
0.000;0.000;0.000;17803.000;417441;0;0;
0.000;0.000;0.000;17804.000;417434;0;0;
0.000;0.000;0.000;17805.000;417427;0;0;
0.000;0.000;0.000;17806.000;417420;0;0;
0.000;0.000;0.000;17807.000;417413;0;0;
0.000;0.000;0.000;17808.000;417405;0;0;
0.000;0.000;0.000;17809.000;417398;0;0;
0.000;0.000;0.000;17810.000;417390;0;0;
0.000;0.000;0.000;17811.000;417383;0;0;
0.000;0.000;0.000;17812.000;417375;0;0;
0.000;0.000;0.000;17813.000;417367;0;0;
0.000;0.000;0.000;17814.000;417359;0;0;
0.000;0.000;0.000;17815.000;417350;0;0;
0.000;0.000;0.000;17816.000;417342;0;0;
0.000;0.000;0.000;17817.000;417334;0;0;
0.000;0.000;0.000;17818.000;417325;0;0;
0.000;0.000;0.000;17819.000;417316;0;0;
0.000;0.000;0.000;17820.000;417308;0;0;
0.000;0.000;0.000;17821.000;417299;0;0;
0.000;0.000;0.000;17822.000;417290;0;0;
0.000;0.000;0.000;17823.000;417281;0;0;
0.000;0.000;0.000;17824.000;417271;0;0;
0.000;0.000;0.000;17825.000;417262;0;0;
0.000;0.000;0.000;17826.000;417253;0;0;
0.000;0.000;0.000;17827.000;417243;0;0;
0.000;0.000;0.000;17828.000;417233;0;0;
0.000;0.000;0.000;17829.000;417224;0;0;
0.000;0.000;0.000;17830.000;417214;0;0;
0.000;0.000;0.000;17831.000;417204;0;0;
0.000;0.000;0.000;17832.000;417194;0;0;
0.000;0.000;0.000;17833.000;417183;0;0;
0.000;0.000;0.000;17834.000;417173;0;0;
0.000;0.000;0.000;17835.000;417163;0;0;
0.000;0.000;0.000;17836.000;417152;0;0;
0.000;0.000;0.000;17837.000;417141;0;0;
0.000;0.000;0.000;17838.000;417130;0;0;
0.000;0.000;0.000;17839.000;417120;0;0;
0.000;0.000;0.000;17840.000;417108;0;0;
0.000;0.000;0.000;17841.000;417097;0;0;
0.000;0.000;0.000;17842.000;417086;0;0;
0.000;0.000;0.000;17843.000;417075;0;0;
0.000;0.000;0.000;17844.000;417063;0;0;
0.000;0.000;0.000;17845.000;417052;0;0;
0.000;0.000;0.000;17846.000;417040;0;0;
0.000;0.000;0.000;17847.000;417028;0;0;
0.000;0.000;0.000;17848.000;417016;0;0;
0.000;0.000;0.000;17849.000;417004;0;0;
0.000;0.000;0.000;17850.000;416992;0;0;
0.000;0.000;0.000;17851.000;416980;0;0;
0.000;0.000;0.000;17852.000;416967;0;0;
0.000;0.000;0.000;17853.000;416955;0;0;
0.000;0.000;0.000;17854.000;416942;0;0;
0.000;0.000;0.000;17855.000;416930;0;0;
0.000;0.000;0.000;17856.000;416917;0;0;
0.000;0.000;0.000;17857.000;416904;0;0;
0.000;0.000;0.000;17858.000;416891;0;0;
0.000;0.000;0.000;17859.000;416878;0;0;
0.000;0.000;0.000;17860.000;416865;0;0;
0.000;0.000;0.000;17861.000;416851;0;0;
0.000;0.000;0.000;17862.000;416838;0;0;
0.000;0.000;0.000;17863.000;416824;0;0;
0.000;0.000;0.000;17864.000;416811;0;0;
0.000;0.000;0.000;17865.000;416797;0;0;
0.000;0.000;0.000;17866.000;416783;0;0;
0.000;0.000;0.000;17867.000;416769;0;0;
0.000;0.000;0.000;17868.000;416755;0;0;
0.000;0.000;0.000;17869.000;416741;0;0;
0.000;0.000;0.000;17870.000;416727;0;0;
0.000;0.000;0.000;17871.000;416712;0;0;
0.000;0.000;0.000;17872.000;416698;0;0;
0.000;0.000;0.000;17873.000;416683;0;0;
0.000;0.000;0.000;17874.000;416669;0;0;
0.000;0.000;0.000;17875.000;416654;0;0;
0.000;0.000;0.000;17876.000;416639;0;0;
0.000;0.000;0.000;17877.000;416624;0;0;
0.000;0.000;0.000;17878.000;416609;0;0;
0.000;0.000;0.000;17879.000;416593;0;0;
0.000;0.000;0.000;17880.000;416578;0;0;
0.000;0.000;0.000;17881.000;416563;0;0;
0.000;0.000;0.000;17882.000;416547;0;0;
0.000;0.000;0.000;17883.000;416532;0;0;
0.000;0.000;0.000;17884.000;416516;0;0;
0.000;0.000;0.000;17885.000;416500;0;0;
0.000;0.000;0.000;17886.000;416484;0;0;
0.000;0.000;0.000;17887.000;416468;0;0;
0.000;0.000;0.000;17888.000;416452;0;0;
0.000;0.000;0.000;17889.000;416436;0;0;
0.000;0.000;0.000;17890.000;416419;0;0;
0.000;0.000;0.000;17891.000;416403;0;0;
0.000;0.000;0.000;17892.000;416386;0;0;
0.000;0.000;0.000;17893.000;416370;0;0;
0.000;0.000;0.000;17894.000;416353;0;0;
0.000;0.000;0.000;17895.000;416336;0;0;
0.000;0.000;0.000;17896.000;416319;0;0;
0.000;0.000;0.000;17897.000;416302;0;0;
0.000;0.000;0.000;17898.000;416285;0;0;
0.000;0.000;0.000;17899.000;416268;0;0;
0.000;0.000;0.000;17900.000;416250;0;0;
0.000;0.000;0.000;17901.000;416233;0;0;
0.000;0.000;0.000;17902.000;416215;0;0;
0.000;0.000;0.000;17903.000;416198;0;0;
0.000;0.000;0.000;17904.000;416180;0;0;
0.000;0.000;0.000;17905.000;416162;0;0;
0.000;0.000;0.000;17906.000;416144;0;0;
0.000;0.000;0.000;17907.000;416126;0;0;
0.000;0.000;0.000;17908.000;416108;0;0;
0.000;0.000;0.000;17909.000;416090;0;0;
0.000;0.000;0.000;17910.000;416071;0;0;
0.000;0.000;0.000;17911.000;416053;0;0;
0.000;0.000;0.000;17912.000;416034;0;0;
0.000;0.000;0.000;17913.000;416016;0;0;
0.000;0.000;0.000;17914.000;415997;0;0;
0.000;0.000;0.000;17915.000;415978;0;0;
0.000;0.000;0.000;17916.000;415959;0;0;
0.000;0.000;0.000;17917.000;415941;0;0;
0.000;0.000;0.000;17918.000;415922;0;0;
0.000;0.000;0.000;17919.000;415902;0;0;
0.000;0.000;0.000;17920.000;415883;0;0;
0.000;0.000;0.000;17921.000;415864;0;0;
0.000;0.000;0.000;17922.000;415844;0;0;
0.000;0.000;0.000;17923.000;415825;0;0;
0.000;0.000;0.000;17924.000;415805;0;0;
0.000;0.000;0.000;17925.000;415785;0;0;
0.000;0.000;0.000;17926.000;415766;0;0;
0.000;0.000;0.000;17927.000;415746;0;0;
0.000;0.000;0.000;17928.000;415726;0;0;
0.000;0.000;0.000;17929.000;415706;0;0;
0.000;0.000;0.000;17930.000;415686;0;0;
0.000;0.000;0.000;17931.000;415665;0;0;
0.000;0.000;0.000;17932.000;415645;0;0;
0.000;0.000;0.000;17933.000;415625;0;0;
0.000;0.000;0.000;17934.000;415604;0;0;
0.000;0.000;0.000;17935.000;415584;0;0;
0.000;0.000;0.000;17936.000;415563;0;0;
0.000;0.000;0.000;17937.000;415542;0;0;
0.000;0.000;0.000;17938.000;415521;0;0;
0.000;0.000;0.000;17939.000;415500;0;0;
0.000;0.000;0.000;17940.000;415479;0;0;
0.000;0.000;0.000;17941.000;415458;0;0;
0.000;0.000;0.000;17942.000;415437;0;0;
0.000;0.000;0.000;17943.000;415415;0;0;
0.000;0.000;0.000;17944.000;415394;0;0;
0.000;0.000;0.000;17945.000;415373;0;0;
0.000;0.000;0.000;17946.000;415351;0;0;
0.000;0.000;0.000;17947.000;415329;0;0;
0.000;0.000;0.000;17948.000;415308;0;0;
0.000;0.000;0.000;17949.000;415286;0;0;
0.000;0.000;0.000;17950.000;415264;0;0;
0.000;0.000;0.000;17951.000;415242;0;0;
0.000;0.000;0.000;17952.000;415220;0;0;
0.000;0.000;0.000;17953.000;415198;0;0;
0.000;0.000;0.000;17954.000;415175;0;0;
0.000;0.000;0.000;17955.000;415153;0;0;
0.000;0.000;0.000;17956.000;415131;0;0;
0.000;0.000;0.000;17957.000;415108;0;0;
0.000;0.000;0.000;17958.000;415086;0;0;
0.000;0.000;0.000;17959.000;415063;0;0;
0.000;0.000;0.000;17960.000;415040;0;0;
0.000;0.000;0.000;17961.000;415018;0;0;
0.000;0.000;0.000;17962.000;414995;0;0;
0.000;0.000;0.000;17963.000;414972;0;0;
0.000;0.000;0.000;17964.000;414949;0;0;
0.000;0.000;0.000;17965.000;414926;0;0;
0.000;0.000;0.000;17966.000;414903;0;0;
0.000;0.000;0.000;17967.000;414879;0;0;
0.000;0.000;0.000;17968.000;414856;0;0;
0.000;0.000;0.000;17969.000;414832;0;0;
0.000;0.000;0.000;17970.000;414809;0;0;
0.000;0.000;0.000;17971.000;414785;0;0;
0.000;0.000;0.000;17972.000;414762;0;0;
0.000;0.000;0.000;17973.000;414738;0;0;
0.000;0.000;0.000;17974.000;414714;0;0;
0.000;0.000;0.000;17975.000;414690;0;0;
0.000;0.000;0.000;17976.000;414667;0;0;
0.000;0.000;0.000;17977.000;414643;0;0;
0.000;0.000;0.000;17978.000;414618;0;0;
0.000;0.000;0.000;17979.000;414594;0;0;
0.000;0.000;0.000;17980.000;414570;0;0;
0.000;0.000;0.000;17981.000;414546;0;0;
0.000;0.000;0.000;17982.000;414521;0;0;
0.000;0.000;0.000;17983.000;414497;0;0;
0.000;0.000;0.000;17984.000;414472;0;0;
0.000;0.000;0.000;17985.000;414447;0;0;
0.000;0.000;0.000;17986.000;414423;0;0;
0.000;0.000;0.000;17987.000;414398;0;0;
0.000;0.000;0.000;17988.000;414373;0;0;
0.000;0.000;0.000;17989.000;414348;0;0;
0.000;0.000;0.000;17990.000;414323;0;0;
0.000;0.000;0.000;17991.000;414298;0;0;
0.000;0.000;0.000;17992.000;414273;0;0;
0.000;0.000;0.000;17993.000;414248;0;0;
0.000;0.000;0.000;17994.000;414222;0;0;
0.000;0.000;0.000;17995.000;414197;0;0;
0.000;0.000;0.000;17996.000;414171;0;0;
0.000;0.000;0.000;17997.000;414146;0;0;
0.000;0.000;0.000;17998.000;414120;0;0;
0.000;0.000;0.000;17999.000;414095;0;0;
0.000;0.000;0.000;18000.000;414069;0;0;
0.000;0.000;0.000;18001.000;414043;0;0;
0.000;0.000;0.000;18002.000;414017;0;0;
0.000;0.000;0.000;18003.000;413992;0;0;
0.000;0.000;0.000;18004.000;413966;0;0;
0.000;0.000;0.000;18005.000;413940;0;0;
0.000;0.000;0.000;18006.000;413913;0;0;
0.000;0.000;0.000;18007.000;413887;0;0;
0.000;0.000;0.000;18008.000;413861;0;0;
0.000;0.000;0.000;18009.000;413835;0;0;
0.000;0.000;0.000;18010.000;413809;0;0;
0.000;0.000;0.000;18011.000;413782;0;0;
0.000;0.000;0.000;18012.000;413756;0;0;
0.000;0.000;0.000;18013.000;413729;0;0;
0.000;0.000;0.000;18014.000;413703;0;0;
0.000;0.000;0.000;18015.000;413676;0;0;
0.000;0.000;0.000;18016.000;413650;0;0;
0.000;0.000;0.000;18017.000;413623;0;0;
0.000;0.000;0.000;18018.000;413596;0;0;
0.000;0.000;0.000;18019.000;413569;0;0;
0.000;0.000;0.000;18020.000;413542;0;0;
0.000;0.000;0.000;18021.000;413515;0;0;
0.000;0.000;0.000;18022.000;413488;0;0;
0.000;0.000;0.000;18023.000;413461;0;0;
0.000;0.000;0.000;18024.000;413434;0;0;
0.000;0.000;0.000;18025.000;413407;0;0;
0.000;0.000;0.000;18026.000;413379;0;0;
0.000;0.000;0.000;18027.000;413352;0;0;
0.000;0.000;0.000;18028.000;413325;0;0;
0.000;0.000;0.000;18029.000;413297;0;0;
0.000;0.000;0.000;18030.000;413270;0;0;
0.000;0.000;0.000;18031.000;413242;0;0;
0.000;0.000;0.000;18032.000;413214;0;0;
0.000;0.000;0.000;18033.000;413187;0;0;
0.000;0.000;0.000;18034.000;413159;0;0;
0.000;0.000;0.000;18035.000;413131;0;0;
0.000;0.000;0.000;18036.000;413103;0;0;
0.000;0.000;0.000;18037.000;413075;0;0;
0.000;0.000;0.000;18038.000;413048;0;0;
0.000;0.000;0.000;18039.000;413019;0;0;
0.000;0.000;0.000;18040.000;412991;0;0;
0.000;0.000;0.000;18041.000;412963;0;0;
0.000;0.000;0.000;18042.000;412935;0;0;
0.000;0.000;0.000;18043.000;412907;0;0;
0.000;0.000;0.000;18044.000;412879;0;0;
0.000;0.000;0.000;18045.000;412850;0;0;
0.000;0.000;0.000;18046.000;412822;0;0;
0.000;0.000;0.000;18047.000;412793;0;0;
0.000;0.000;0.000;18048.000;412765;0;0;
0.000;0.000;0.000;18049.000;412736;0;0;
0.000;0.000;0.000;18050.000;412708;0;0;
0.000;0.000;0.000;18051.000;412679;0;0;
0.000;0.000;0.000;18052.000;412650;0;0;
0.000;0.000;0.000;18053.000;412622;0;0;
0.000;0.000;0.000;18054.000;412593;0;0;
0.000;0.000;0.000;18055.000;412564;0;0;
0.000;0.000;0.000;18056.000;412535;0;0;
0.000;0.000;0.000;18057.000;412506;0;0;
0.000;0.000;0.000;18058.000;412476;0;0;
0.000;0.000;0.000;18059.000;412447;0;0;
0.000;0.000;0.000;18060.000;412418;0;0;
0.000;0.000;0.000;18061.000;412389;0;0;
0.000;0.000;0.000;18062.000;412360;0;0;
0.000;0.000;0.000;18063.000;412330;0;0;
0.000;0.000;0.000;18064.000;412301;0;0;
0.000;0.000;0.000;18065.000;412271;0;0;
0.000;0.000;0.000;18066.000;412242;0;0;
0.000;0.000;0.000;18067.000;412212;0;0;
0.000;0.000;0.000;18068.000;412183;0;0;
0.000;0.000;0.000;18069.000;412153;0;0;
0.000;0.000;0.000;18070.000;412123;0;0;
0.000;0.000;0.000;18071.000;412093;0;0;
0.000;0.000;0.000;18072.000;412064;0;0;
0.000;0.000;0.000;18073.000;412034;0;0;
0.000;0.000;0.000;18074.000;412004;0;0;
0.000;0.000;0.000;18075.000;411974;0;0;
0.000;0.000;0.000;18076.000;411944;0;0;
0.000;0.000;0.000;18077.000;411913;0;0;
0.000;0.000;0.000;18078.000;411883;0;0;
0.000;0.000;0.000;18079.000;411853;0;0;
0.000;0.000;0.000;18080.000;411823;0;0;
0.000;0.000;0.000;18081.000;411792;0;0;
0.000;0.000;0.000;18082.000;411762;0;0;
0.000;0.000;0.000;18083.000;411731;0;0;
0.000;0.000;0.000;18084.000;411701;0;0;
0.000;0.000;0.000;18085.000;411671;0;0;
0.000;0.000;0.000;18086.000;411640;0;0;
0.000;0.000;0.000;18087.000;411609;0;0;
0.000;0.000;0.000;18088.000;411579;0;0;
0.000;0.000;0.000;18089.000;411548;0;0;
0.000;0.000;0.000;18090.000;411517;0;0;
0.000;0.000;0.000;18091.000;411486;0;0;
0.000;0.000;0.000;18092.000;411455;0;0;
0.000;0.000;0.000;18093.000;411424;0;0;
0.000;0.000;0.000;18094.000;411393;0;0;
0.000;0.000;0.000;18095.000;411362;0;0;
0.000;0.000;0.000;18096.000;411331;0;0;
0.000;0.000;0.000;18097.000;411300;0;0;
0.000;0.000;0.000;18098.000;411268;0;0;
0.000;0.000;0.000;18099.000;411237;0;0;
0.000;0.000;0.000;18100.000;411206;0;0;
0.000;0.000;0.000;18101.000;411174;0;0;
0.000;0.000;0.000;18102.000;411143;0;0;
0.000;0.000;0.000;18103.000;411111;0;0;
0.000;0.000;0.000;18104.000;411080;0;0;
0.000;0.000;0.000;18105.000;411048;0;0;
0.000;0.000;0.000;18106.000;411016;0;0;
0.000;0.000;0.000;18107.000;410985;0;0;
0.000;0.000;0.000;18108.000;410953;0;0;
0.000;0.000;0.000;18109.000;410921;0;0;
0.000;0.000;0.000;18110.000;410889;0;0;
0.000;0.000;0.000;18111.000;410857;0;0;
0.000;0.000;0.000;18112.000;410825;0;0;
0.000;0.000;0.000;18113.000;410793;0;0;
0.000;0.000;0.000;18114.000;410761;0;0;
0.000;0.000;0.000;18115.000;410729;0;0;
0.000;0.000;0.000;18116.000;410697;0;0;
0.000;0.000;0.000;18117.000;410665;0;0;
0.000;0.000;0.000;18118.000;410632;0;0;
0.000;0.000;0.000;18119.000;410600;0;0;
0.000;0.000;0.000;18120.000;410568;0;0;
0.000;0.000;0.000;18121.000;410535;0;0;
0.000;0.000;0.000;18122.000;410503;0;0;
0.000;0.000;0.000;18123.000;410471;0;0;
0.000;0.000;0.000;18124.000;410438;0;0;
0.000;0.000;0.000;18125.000;410406;0;0;
0.000;0.000;0.000;18126.000;410373;0;0;
0.000;0.000;0.000;18127.000;410340;0;0;
0.000;0.000;0.000;18128.000;410308;0;0;
0.000;0.000;0.000;18129.000;410275;0;0;
0.000;0.000;0.000;18130.000;410242;0;0;
0.000;0.000;0.000;18131.000;410210;0;0;
0.000;0.000;0.000;18132.000;410177;0;0;
0.000;0.000;0.000;18133.000;410144;0;0;
0.000;0.000;0.000;18134.000;410111;0;0;
0.000;0.000;0.000;18135.000;410078;0;0;
0.000;0.000;0.000;18136.000;410046;0;0;
0.000;0.000;0.000;18137.000;410012;0;0;
0.000;0.000;0.000;18138.000;409980;0;0;
0.000;0.000;0.000;18139.000;409947;0;0;
0.000;0.000;0.000;18140.000;409914;0;0;
2254.138;2.637;0.000;18141.000;409881;0;0;
2625.610;9.792;0.000;18142.000;409848;0;0;
2959.561;96.752;0.000;18143.000;409815;0;0;
2989.054;100.000;128.000;18144.000;409782;0;0;
3004.938;100.000;128.000;18145.000;409748;0;0;
2987.917;100.000;128.000;18146.000;409715;0;0;
2976.178;100.000;128.000;18147.000;409682;0;0;
2984.746;100.000;128.000;18148.000;409649;0;0;
2977.526;100.000;128.000;18149.000;409616;0;0;
2975.185;100.000;128.000;18150.000;409583;0;0;
2968.587;100.000;128.000;18151.000;409549;0;0;
2987.005;100.000;128.000;18152.000;409516;0;0;
3004.853;100.000;128.000;18153.000;409483;0;0;
2997.958;100.000;128.000;18154.000;409449;0;0;
2987.926;100.000;128.000;18155.000;409416;0;0;
2983.306;100.000;128.000;18156.000;409382;0;0;
2974.340;100.000;128.000;18157.000;409349;0;0;
2971.154;100.000;128.000;18158.000;409315;0;0;
2986.057;100.000;128.000;18159.000;409282;0;0;
2988.623;100.000;128.000;18160.000;409248;0;0;
2998.057;100.000;128.000;18161.000;409215;0;0;
2992.456;100.000;128.000;18162.000;409181;0;0;
2986.390;100.000;128.000;18163.000;409147;0;0;
2990.593;100.000;128.000;18164.000;409114;0;0;
2979.191;100.000;128.000;18165.000;409080;0;0;
2988.559;100.000;128.000;18166.000;409046;0;0;
3031.882;100.000;128.000;18167.000;409013;0;0;
3199.557;17.436;0.000;18168.000;408979;0;0;
2319.909;5.006;0.000;18169.000;408945;0;0;
1860.596;7.253;0.000;18170.000;408911;0;0;
1857.214;6.984;0.000;18171.000;408877;0;0;
1847.603;7.521;0.000;18172.000;408844;0;0;
1851.422;11.551;0.000;18173.000;408810;0;0;
1849.308;11.233;0.000;18174.000;408776;0;0;
1857.180;12.381;0.000;18175.000;408742;0;0;
1858.983;11.282;0.000;18176.000;408708;0;0;
1865.160;10.867;0.000;18177.000;408674;0;0;
1880.881;10.476;0.000;18178.000;408640;0;0;
1872.058;7.033;0.000;18179.000;408606;0;0;
1884.201;5.031;0.000;18180.000;408572;0;0;
1875.710;4.786;0.000;18181.000;408538;0;0;
1870.177;3.761;0.000;18182.000;408504;0;0;
2901.660;4.737;0.000;18183.000;408469;0;0;
2799.875;14.628;0.000;18184.000;408435;0;0;
2975.941;100.000;128.000;18185.000;408401;0;0;
2967.663;100.000;128.000;18186.000;408367;0;0;
2957.046;100.000;128.000;18187.000;408333;0;0;
2954.274;100.000;128.000;18188.000;408298;0;0;
2944.502;100.000;128.000;18189.000;408264;0;0;
2946.887;100.000;128.000;18190.000;408230;0;0;
2952.316;100.000;128.000;18191.000;408196;0;0;
2942.963;100.000;128.000;18192.000;408162;0;0;
2930.090;100.000;128.000;18193.000;408127;0;0;
2954.609;100.000;128.000;18194.000;408093;0;0;
2949.515;100.000;128.000;18195.000;408058;0;0;
2951.028;100.000;128.000;18196.000;408024;0;0;
2948.211;100.000;128.000;18197.000;407990;0;0;
2935.872;100.000;128.000;18198.000;407955;0;0;
2954.335;100.000;128.000;18199.000;407921;0;0;
2953.883;100.000;128.000;18200.000;407886;0;0;
2950.181;100.000;128.000;18201.000;407852;0;0;
2953.904;100.000;128.000;18202.000;407817;0;0;
2957.711;100.000;128.000;18203.000;407782;0;0;
2949.951;100.000;128.000;18204.000;407748;0;0;
2952.992;100.000;128.000;18205.000;407713;0;0;
2952.704;100.000;128.000;18206.000;407678;0;0;
2966.711;100.000;128.000;18207.000;407643;0;0;
3038.095;81.734;0.000;18208.000;407609;0;0;
2928.005;6.349;0.000;18209.000;407574;0;0;
1863.622;6.838;0.000;18210.000;407539;0;0;
1849.463;11.624;0.000;18211.000;407504;0;0;
1867.933;14.701;0.000;18212.000;407469;0;0;
1862.029;16.361;0.000;18213.000;407434;0;0;
1867.201;18.901;0.000;18214.000;407399;0;0;
1860.563;21.245;0.000;18215.000;407364;0;0;
1864.482;20.562;0.000;18216.000;407329;0;0;
1869.434;22.076;0.000;18217.000;407294;0;0;
1873.545;21.929;0.000;18218.000;407259;0;0;
1887.023;15.165;0.000;18219.000;407224;0;0;
1910.890;37.118;0.000;18220.000;407189;0;0;
1888.391;47.497;0.000;18221.000;407153;0;0;
1883.928;53.138;0.000;18222.000;407118;0;0;
1835.202;19.609;0.000;18223.000;407083;0;0;
2966.598;48.376;0.000;18224.000;407048;0;0;
2968.444;100.000;128.000;18225.000;407013;0;0;
2953.728;100.000;128.000;18226.000;406978;0;0;
2941.171;100.000;128.000;18227.000;406943;0;0;
2934.769;100.000;128.000;18228.000;406907;0;0;
2940.734;100.000;128.000;18229.000;406872;0;0;
2947.711;100.000;128.000;18230.000;406837;0;0;
2926.130;100.000;128.000;18231.000;406802;0;0;
2922.990;100.000;128.000;18232.000;406766;0;0;
2928.759;100.000;128.000;18233.000;406731;0;0;
2930.306;100.000;128.000;18234.000;406695;0;0;
2940.887;100.000;128.000;18235.000;406660;0;0;
2938.430;100.000;128.000;18236.000;406625;0;0;
2940.217;100.000;128.000;18237.000;406589;0;0;
2947.325;100.000;128.000;18238.000;406554;0;0;
2950.871;100.000;128.000;18239.000;406518;0;0;
2952.092;100.000;128.000;18240.000;406483;0;0;
2953.627;100.000;128.000;18241.000;406448;0;0;
2948.691;100.000;128.000;18242.000;406412;0;0;
2948.042;100.000;128.000;18243.000;406377;0;0;
2954.886;100.000;128.000;18244.000;406341;0;0;
2955.121;100.000;128.000;18245.000;406306;0;0;
2955.758;100.000;128.000;18246.000;406270;0;0;
3055.356;24.322;0.000;18247.000;406235;0;0;
1842.659;16.630;0.000;18248.000;406199;0;0;
1885.072;12.430;0.000;18249.000;406164;0;0;
1868.570;11.429;0.000;18250.000;406128;0;0;
1866.565;12.723;0.000;18251.000;406092;0;0;
1868.980;21.050;0.000;18252.000;406057;0;0;
1868.118;45.495;0.000;18253.000;406021;0;0;
1867.148;51.258;0.000;18254.000;405986;0;0;
1870.477;29.646;0.000;18255.000;405950;0;0;
1869.040;29.011;0.000;18256.000;405915;0;0;
1874.053;59.389;0.000;18257.000;405879;0;0;
1875.062;38.559;0.000;18258.000;405844;0;0;
1875.563;22.686;0.000;18259.000;405808;0;0;
1878.369;8.669;0.000;18260.000;405773;0;0;
1898.686;6.227;0.000;18261.000;405737;0;0;
2849.141;11.941;0.000;18262.000;405701;0;0;
3008.669;100.000;128.000;18263.000;405666;0;0;
2964.339;100.000;128.000;18264.000;405630;0;0;
2954.979;100.000;128.000;18265.000;405595;0;0;
2942.393;100.000;128.000;18266.000;405559;0;0;
2936.191;100.000;128.000;18267.000;405524;0;0;
2941.141;100.000;128.000;18268.000;405488;0;0;
2947.644;100.000;128.000;18269.000;405452;0;0;
2944.805;100.000;128.000;18270.000;405417;0;0;
2939.390;100.000;128.000;18271.000;405381;0;0;
2943.535;100.000;128.000;18272.000;405345;0;0;
2942.875;100.000;128.000;18273.000;405310;0;0;
2941.721;100.000;128.000;18274.000;405274;0;0;
2941.435;100.000;128.000;18275.000;405239;0;0;
2953.298;100.000;128.000;18276.000;405203;0;0;
2946.334;100.000;128.000;18277.000;405167;0;0;
2943.606;100.000;128.000;18278.000;405132;0;0;
2946.157;100.000;128.000;18279.000;405096;0;0;
2951.755;100.000;128.000;18280.000;405061;0;0;
2953.608;100.000;128.000;18281.000;405025;0;0;
2947.080;100.000;128.000;18282.000;404989;0;0;
2959.844;100.000;128.000;18283.000;404954;0;0;
2962.119;100.000;128.000;18284.000;404918;0;0;
2959.297;100.000;128.000;18285.000;404883;0;0;
3025.108;98.584;0.000;18286.000;404847;0;0;
2940.579;9.060;0.000;18287.000;404811;0;0;
1854.006;8.205;0.000;18288.000;404776;0;0;
1848.138;17.802;0.000;18289.000;404740;0;0;
1861.115;25.885;0.000;18290.000;404705;0;0;
1860.954;25.201;0.000;18291.000;404669;0;0;
1870.809;34.725;0.000;18292.000;404634;0;0;
1869.131;36.728;0.000;18293.000;404598;0;0;
1862.705;76.459;0.000;18294.000;404563;0;0;
1868.666;76.190;0.000;18295.000;404527;0;0;
1871.252;22.369;0.000;18296.000;404492;0;0;
1865.956;20.855;0.000;18297.000;404456;0;0;
1873.919;18.657;0.000;18298.000;404421;0;0;
1873.352;12.405;0.000;18299.000;404385;0;0;
1889.532;6.813;0.000;18300.000;404350;0;0;
2934.362;9.939;0.000;18301.000;404314;0;0;
3021.312;82.100;0.000;18302.000;404279;0;0;
2960.996;100.000;128.000;18303.000;404244;0;0;
2954.185;100.000;128.000;18304.000;404208;0;0;
2937.962;100.000;128.000;18305.000;404173;0;0;
2941.604;100.000;128.000;18306.000;404137;0;0;
2941.495;100.000;128.000;18307.000;404102;0;0;
2941.504;100.000;128.000;18308.000;404067;0;0;
2942.629;100.000;128.000;18309.000;404031;0;0;
2944.952;100.000;128.000;18310.000;403996;0;0;
2941.005;100.000;128.000;18311.000;403961;0;0;
2928.137;100.000;128.000;18312.000;403926;0;0;
2948.304;100.000;128.000;18313.000;403890;0;0;
2946.688;100.000;128.000;18314.000;403855;0;0;
2934.989;100.000;128.000;18315.000;403820;0;0;
2939.637;100.000;128.000;18316.000;403785;0;0;
2941.022;100.000;128.000;18317.000;403749;0;0;
2931.714;100.000;128.000;18318.000;403714;0;0;
2940.889;100.000;128.000;18319.000;403679;0;0;
2939.961;100.000;128.000;18320.000;403644;0;0;
2938.622;100.000;128.000;18321.000;403609;0;0;
2950.427;100.000;128.000;18322.000;403574;0;0;
2948.302;100.000;128.000;18323.000;403539;0;0;
2964.049;100.000;128.000;18324.000;403504;0;0;
2979.730;17.973;0.000;18325.000;403469;0;0;
1854.306;12.894;0.000;18326.000;403433;0;0;
1850.476;16.459;0.000;18327.000;403399;0;0;
1854.583;23.712;0.000;18328.000;403364;0;0;
1864.928;23.516;0.000;18329.000;403329;0;0;
1863.235;37.411;0.000;18330.000;403294;0;0;
1862.608;42.759;0.000;18331.000;403259;0;0;
1859.938;40.464;0.000;18332.000;403224;0;0;
1855.084;38.803;0.000;18333.000;403189;0;0;
1856.840;50.427;0.000;18334.000;403155;0;0;
1867.199;42.711;0.000;18335.000;403120;0;0;
1863.951;27.277;0.000;18336.000;403085;0;0;
1869.980;27.717;0.000;18337.000;403050;0;0;
1869.980;17.167;0.000;18338.000;403016;0;0;
1869.076;10.281;0.000;18339.000;402981;0;0;
1896.675;7.546;0.000;18340.000;402946;0;0;
3082.238;15.726;0.000;18341.000;402911;0;0;
3002.003;100.000;128.000;18342.000;402877;0;0;
2959.313;100.000;128.000;18343.000;402842;0;0;
2957.088;100.000;128.000;18344.000;402807;0;0;
2955.591;100.000;128.000;18345.000;402773;0;0;
2957.043;100.000;128.000;18346.000;402738;0;0;
2948.782;100.000;128.000;18347.000;402704;0;0;
2944.041;100.000;128.000;18348.000;402669;0;0;
2944.957;100.000;128.000;18349.000;402634;0;0;
2933.688;100.000;128.000;18350.000;402599;0;0;
2937.613;100.000;128.000;18351.000;402565;0;0;
2935.919;100.000;128.000;18352.000;402530;0;0;
2935.796;100.000;128.000;18353.000;402496;0;0;
2948.665;100.000;128.000;18354.000;402461;0;0;
2949.414;100.000;128.000;18355.000;402426;0;0;
2943.948;100.000;128.000;18356.000;402392;0;0;
2940.783;100.000;128.000;18357.000;402357;0;0;
2949.699;100.000;128.000;18358.000;402323;0;0;
2946.045;100.000;128.000;18359.000;402289;0;0;
2952.472;100.000;128.000;18360.000;402254;0;0;
2954.500;100.000;128.000;18361.000;402220;0;0;
2957.320;100.000;128.000;18362.000;402186;0;0;
2953.252;100.000;128.000;18363.000;402151;0;0;
3012.143;100.000;128.000;18364.000;402117;0;0;
2923.064;11.770;0.000;18365.000;402083;0;0;
1857.188;7.985;0.000;18366.000;402049;0;0;
1855.287;9.841;0.000;18367.000;402014;0;0;
1863.085;12.332;0.000;18368.000;401980;0;0;
1864.798;16.654;0.000;18369.000;401946;0;0;
1874.112;22.418;0.000;18370.000;401912;0;0;
1874.897;23.394;0.000;18371.000;401878;0;0;
1862.467;30.842;0.000;18372.000;401844;0;0;
1862.459;44.713;0.000;18373.000;401810;0;0;
1860.914;56.117;0.000;18374.000;401776;0;0;
1869.783;31.990;0.000;18375.000;401742;0;0;
1872.135;19.316;0.000;18376.000;401708;0;0;
1874.108;29.328;0.000;18377.000;401674;0;0;
1873.433;18.462;0.000;18378.000;401640;0;0;
1873.235;11.404;0.000;18379.000;401606;0;0;
1867.967;10.818;0.000;18380.000;401572;0;0;
2951.816;13.773;0.000;18381.000;401539;0;0;
3004.946;100.000;128.000;18382.000;401505;0;0;
2952.227;100.000;128.000;18383.000;401471;0;0;
2956.096;100.000;128.000;18384.000;401437;0;0;
2953.616;100.000;128.000;18385.000;401404;0;0;
2954.161;100.000;128.000;18386.000;401370;0;0;
2949.678;100.000;128.000;18387.000;401337;0;0;
2954.543;100.000;128.000;18388.000;401303;0;0;
2953.555;100.000;128.000;18389.000;401269;0;0;
2948.476;100.000;128.000;18390.000;401236;0;0;
2945.568;100.000;128.000;18391.000;401202;0;0;
2942.813;100.000;128.000;18392.000;401169;0;0;
2943.089;100.000;128.000;18393.000;401135;0;0;
2938.650;100.000;128.000;18394.000;401102;0;0;
2945.685;100.000;128.000;18395.000;401068;0;0;
2933.989;100.000;128.000;18396.000;401035;0;0;
2939.072;100.000;128.000;18397.000;401002;0;0;
2936.836;100.000;128.000;18398.000;400968;0;0;
2942.189;100.000;128.000;18399.000;400935;0;0;
2948.679;100.000;128.000;18400.000;400901;0;0;
2937.476;100.000;128.000;18401.000;400868;0;0;
2950.399;100.000;128.000;18402.000;400835;0;0;
2948.956;100.000;128.000;18403.000;400801;0;0;
2947.983;100.000;128.000;18404.000;400768;0;0;
2994.452;100.000;128.000;18405.000;400735;0;0;
3037.160;18.095;0.000;18406.000;400702;0;0;
1849.722;9.573;0.000;18407.000;400669;0;0;
1861.283;9.597;0.000;18408.000;400636;0;0;
1858.327;11.673;0.000;18409.000;400602;0;0;
1848.734;24.713;0.000;18410.000;400569;0;0;
1864.651;20.855;0.000;18411.000;400536;0;0;
1863.804;20.684;0.000;18412.000;400504;0;0;
1860.305;25.226;0.000;18413.000;400471;0;0;
1858.808;30.525;0.000;18414.000;400438;0;0;
1860.465;27.302;0.000;18415.000;400405;0;0;
1858.891;31.380;0.000;18416.000;400372;0;0;
1869.672;25.299;0.000;18417.000;400339;0;0;
1875.823;27.155;0.000;18418.000;400307;0;0;
1870.610;19.585;0.000;18419.000;400274;0;0;
1866.907;14.310;0.000;18420.000;400241;0;0;
1873.368;11.697;0.000;18421.000;400209;0;0;
1862.034;11.160;0.000;18422.000;400176;0;0;
3015.271;19.658;0.000;18423.000;400144;0;0;
2994.843;100.000;128.000;18424.000;400111;0;0;
2957.646;100.000;128.000;18425.000;400078;0;0;
2952.036;100.000;128.000;18426.000;400046;0;0;
2947.319;100.000;128.000;18427.000;400014;0;0;
2947.231;100.000;128.000;18428.000;399982;0;0;
2942.251;100.000;128.000;18429.000;399949;0;0;
2933.279;100.000;128.000;18430.000;399917;0;0;
2953.645;100.000;128.000;18431.000;399885;0;0;
2951.964;100.000;128.000;18432.000;399853;0;0;
2937.406;100.000;128.000;18433.000;399821;0;0;
2933.598;100.000;128.000;18434.000;399789;0;0;
2937.540;100.000;128.000;18435.000;399756;0;0;
2939.019;100.000;128.000;18436.000;399725;0;0;
2940.975;100.000;128.000;18437.000;399693;0;0;
2939.261;100.000;128.000;18438.000;399661;0;0;
2937.479;100.000;128.000;18439.000;399629;0;0;
2952.333;100.000;128.000;18440.000;399597;0;0;
2942.244;100.000;128.000;18441.000;399565;0;0;
2957.877;100.000;128.000;18442.000;399533;0;0;
2951.935;100.000;128.000;18443.000;399502;0;0;
2946.518;100.000;128.000;18444.000;399470;0;0;
2947.176;100.000;128.000;18445.000;399438;0;0;
2938.008;100.000;128.000;18446.000;399407;0;0;
2952.041;100.000;128.000;18447.000;399375;0;0;
3007.400;100.000;128.000;18448.000;399344;0;0;
2907.085;10.940;0.000;18449.000;399312;0;0;
1837.762;9.035;0.000;18450.000;399281;0;0;
1849.607;8.742;0.000;18451.000;399250;0;0;
1838.422;17.582;0.000;18452.000;399219;0;0;
1852.777;80.733;0.000;18453.000;399187;0;0;
1861.898;98.999;0.000;18454.000;399156;0;0;
1865.580;28.547;0.000;18455.000;399125;0;0;
1873.667;34.042;0.000;18456.000;399094;0;0;
1866.061;22.295;0.000;18457.000;399063;0;0;
1864.556;27.790;0.000;18458.000;399032;0;0;
1871.984;52.503;0.000;18459.000;399001;0;0;
1875.303;62.613;0.000;18460.000;398970;0;0;
1872.121;55.897;0.000;18461.000;398939;0;0;
1881.001;19.585;0.000;18462.000;398908;0;0;
1877.376;6.203;0.000;18463.000;398878;0;0;
1895.790;8.669;0.000;18464.000;398847;0;0;
1860.403;8.474;0.000;18465.000;398816;0;0;
2937.984;9.963;0.000;18466.000;398786;0;0;
3038.202;48.132;0.000;18467.000;398755;0;0;
2981.450;100.000;128.000;18468.000;398724;0;0;
2941.557;100.000;128.000;18469.000;398694;0;0;
2938.964;100.000;128.000;18470.000;398664;0;0;
2937.325;100.000;128.000;18471.000;398633;0;0;
2941.233;100.000;128.000;18472.000;398603;0;0;
2943.692;100.000;128.000;18473.000;398572;0;0;
2943.911;100.000;128.000;18474.000;398542;0;0;
2943.154;100.000;128.000;18475.000;398512;0;0;
2934.821;100.000;128.000;18476.000;398482;0;0;
2934.608;100.000;128.000;18477.000;398452;0;0;
2937.054;100.000;128.000;18478.000;398422;0;0;
2938.916;100.000;128.000;18479.000;398392;0;0;
2929.853;100.000;128.000;18480.000;398362;0;0;
2936.155;100.000;128.000;18481.000;398332;0;0;
2951.213;100.000;128.000;18482.000;398302;0;0;
2946.687;100.000;128.000;18483.000;398273;0;0;
2939.819;100.000;128.000;18484.000;398243;0;0;
2946.489;100.000;128.000;18485.000;398213;0;0;
2944.014;100.000;128.000;18486.000;398184;0;0;
2944.666;100.000;128.000;18487.000;398154;0;0;
2953.578;100.000;128.000;18488.000;398125;0;0;
2974.303;100.000;128.000;18489.000;398095;0;0;
2952.412;100.000;128.000;18490.000;398066;0;0;
2952.749;100.000;128.000;18491.000;398036;0;0;
2951.667;100.000;128.000;18492.000;398007;0;0;
2973.756;100.000;128.000;18493.000;397977;0;0;
3014.933;53.260;0.000;18494.000;397948;0;0;
2932.034;9.573;0.000;18495.000;397919;0;0;
1855.351;8.010;0.000;18496.000;397890;0;0;
1849.459;13.284;0.000;18497.000;397860;0;0;
1855.935;21.050;0.000;18498.000;397831;0;0;
1859.014;21.368;0.000;18499.000;397802;0;0;
1857.692;29.817;0.000;18500.000;397773;0;0;
1867.666;18.486;0.000;18501.000;397744;0;0;
1863.623;26.838;0.000;18502.000;397715;0;0;
1853.539;31.966;0.000;18503.000;397686;0;0;
1856.055;22.442;0.000;18504.000;397657;0;0;
1862.575;29.182;0.000;18505.000;397629;0;0;
1862.510;26.154;0.000;18506.000;397600;0;0;
1871.600;35.702;0.000;18507.000;397571;0;0;
1868.850;21.465;0.000;18508.000;397542;0;0;
1868.549;15.849;0.000;18509.000;397514;0;0;
1882.172;14.945;0.000;18510.000;397485;0;0;
1866.030;11.893;0.000;18511.000;397456;0;0;
1831.436;10.916;0.000;18512.000;397428;0;0;
2909.451;12.063;0.000;18513.000;397400;0;0;
3070.126;22.418;0.000;18514.000;397371;0;0;
2998.477;100.000;128.000;18515.000;397343;0;0;
2952.664;100.000;128.000;18516.000;397314;0;0;
2948.782;100.000;128.000;18517.000;397286;0;0;
2947.769;100.000;128.000;18518.000;397258;0;0;
2953.907;100.000;128.000;18519.000;397230;0;0;
2948.432;100.000;128.000;18520.000;397202;0;0;
2950.862;100.000;128.000;18521.000;397174;0;0;
2937.958;100.000;128.000;18522.000;397146;0;0;
2940.655;100.000;128.000;18523.000;397118;0;0;
2936.073;100.000;128.000;18524.000;397090;0;0;
2935.492;100.000;128.000;18525.000;397063;0;0;
2935.239;100.000;128.000;18526.000;397035;0;0;
2936.475;100.000;128.000;18527.000;397007;0;0;
2937.694;100.000;128.000;18528.000;396980;0;0;
2936.867;100.000;128.000;18529.000;396952;0;0;
2930.333;100.000;128.000;18530.000;396925;0;0;
2937.142;100.000;128.000;18531.000;396898;0;0;
2930.848;100.000;128.000;18532.000;396870;0;0;
2938.866;100.000;128.000;18533.000;396843;0;0;
2941.086;100.000;128.000;18534.000;396816;0;0;
2944.738;100.000;128.000;18535.000;396789;0;0;
2939.158;100.000;128.000;18536.000;396761;0;0;
2940.710;100.000;128.000;18537.000;396734;0;0;
2938.718;100.000;128.000;18538.000;396707;0;0;
2945.556;100.000;128.000;18539.000;396680;0;0;
2948.240;100.000;128.000;18540.000;396653;0;0;
2946.322;100.000;128.000;18541.000;396627;0;0;
2953.186;100.000;128.000;18542.000;396600;0;0;
2973.321;100.000;128.000;18543.000;396573;0;0;
3007.590;100.000;128.000;18544.000;396546;0;0;
2944.369;13.919;0.000;18545.000;396519;0;0;
1914.089;7.912;0.000;18546.000;396493;0;0;
1863.405;8.571;0.000;18547.000;396466;0;0;
1846.224;10.134;0.000;18548.000;396440;0;0;
1861.219;10.623;0.000;18549.000;396413;0;0;
1862.991;12.576;0.000;18550.000;396387;0;0;
1857.781;17.265;0.000;18551.000;396361;0;0;
1869.418;18.632;0.000;18552.000;396334;0;0;
1858.064;21.709;0.000;18553.000;396308;0;0;
1863.646;23.736;0.000;18554.000;396282;0;0;
1857.303;20.024;0.000;18555.000;396256;0;0;
1855.924;25.495;0.000;18556.000;396230;0;0;
1863.362;22.662;0.000;18557.000;396204;0;0;
1870.422;22.808;0.000;18558.000;396178;0;0;
1869.115;29.963;0.000;18559.000;396153;0;0;
1868.707;24.908;0.000;18560.000;396127;0;0;
1867.819;14.628;0.000;18561.000;396101;0;0;
1863.115;6.691;0.000;18562.000;396075;0;0;
1887.990;15.922;0.000;18563.000;396050;0;0;
1840.659;13.700;0.000;18564.000;396024;0;0;
2049.114;6.789;0.000;18565.000;395999;0;0;
2930.933;12.698;0.000;18566.000;395973;0;0;
3048.515;98.999;0.000;18567.000;395948;0;0;
2961.804;100.000;128.000;18568.000;395923;0;0;
2935.418;100.000;128.000;18569.000;395897;0;0;
2939.153;100.000;128.000;18570.000;395872;0;0;
2936.656;100.000;128.000;18571.000;395847;0;0;
2942.771;100.000;128.000;18572.000;395822;0;0;
2930.479;100.000;128.000;18573.000;395797;0;0;
2926.391;100.000;128.000;18574.000;395772;0;0;
2938.403;100.000;128.000;18575.000;395747;0;0;
2940.421;100.000;128.000;18576.000;395722;0;0;
2937.694;100.000;128.000;18577.000;395697;0;0;
2937.759;100.000;128.000;18578.000;395672;0;0;
2935.715;100.000;128.000;18579.000;395648;0;0;
2936.639;100.000;128.000;18580.000;395623;0;0;
2934.944;100.000;128.000;18581.000;395598;0;0;
2934.188;100.000;128.000;18582.000;395574;0;0;
2938.296;100.000;128.000;18583.000;395549;0;0;
2942.511;100.000;128.000;18584.000;395525;0;0;
2927.308;100.000;128.000;18585.000;395500;0;0;
2922.729;100.000;128.000;18586.000;395476;0;0;
2938.153;100.000;128.000;18587.000;395452;0;0;
2936.188;100.000;128.000;18588.000;395428;0;0;
2933.957;100.000;128.000;18589.000;395403;0;0;
2934.886;100.000;128.000;18590.000;395379;0;0;
2939.652;100.000;128.000;18591.000;395355;0;0;
2933.849;100.000;128.000;18592.000;395331;0;0;
2938.332;100.000;128.000;18593.000;395307;0;0;
2940.899;100.000;128.000;18594.000;395284;0;0;
2940.065;100.000;128.000;18595.000;395260;0;0;
2933.548;100.000;128.000;18596.000;395236;0;0;
2930.460;100.000;128.000;18597.000;395212;0;0;
2937.574;100.000;128.000;18598.000;395189;0;0;
2963.047;100.000;128.000;18599.000;395165;0;0;
3023.778;100.000;128.000;18600.000;395142;0;0;
2997.958;8.254;0.000;18601.000;395118;0;0;
2032.648;5.250;0.000;18602.000;395095;0;0;
1844.771;6.667;0.000;18603.000;395072;0;0;
1845.993;11.038;0.000;18604.000;395048;0;0;
1866.633;13.187;0.000;18605.000;395025;0;0;
1862.074;12.527;0.000;18606.000;395002;0;0;
1853.937;15.556;0.000;18607.000;394979;0;0;
1869.993;24.249;0.000;18608.000;394956;0;0;
1866.399;28.620;0.000;18609.000;394933;0;0;
1860.454;42.540;0.000;18610.000;394910;0;0;
1854.273;29.841;0.000;18611.000;394887;0;0;
1863.710;30.403;0.000;18612.000;394865;0;0;
1859.931;25.690;0.000;18613.000;394842;0;0;
1861.063;24.005;0.000;18614.000;394819;0;0;
1863.791;28.767;0.000;18615.000;394797;0;0;
1867.159;23.028;0.000;18616.000;394774;0;0;
1868.231;26.984;0.000;18617.000;394752;0;0;
1880.412;25.836;0.000;18618.000;394729;0;0;
1878.650;29.817;0.000;18619.000;394707;0;0;
1851.117;23.639;0.000;18620.000;394685;0;0;
1865.651;16.288;0.000;18621.000;394662;0;0;
1870.059;12.698;0.000;18622.000;394640;0;0;
1884.904;12.332;0.000;18623.000;394618;0;0;
1861.320;9.963;0.000;18624.000;394596;0;0;
3080.416;11.722;0.000;18625.000;394574;0;0;
3027.150;100.000;128.000;18626.000;394552;0;0;
2956.021;100.000;128.000;18627.000;394530;0;0;
2950.213;100.000;128.000;18628.000;394508;0;0;
2947.623;100.000;128.000;18629.000;394487;0;0;
2925.383;100.000;128.000;18630.000;394465;0;0;
2930.538;100.000;128.000;18631.000;394443;0;0;
2940.624;100.000;128.000;18632.000;394422;0;0;
2938.624;100.000;128.000;18633.000;394400;0;0;
2937.017;100.000;128.000;18634.000;394379;0;0;
2935.021;100.000;128.000;18635.000;394357;0;0;
2932.877;100.000;128.000;18636.000;394336;0;0;
2936.104;100.000;128.000;18637.000;394315;0;0;
2937.172;100.000;128.000;18638.000;394294;0;0;
2935.773;100.000;128.000;18639.000;394273;0;0;
2935.139;100.000;128.000;18640.000;394252;0;0;
2935.886;100.000;128.000;18641.000;394231;0;0;
2933.827;100.000;128.000;18642.000;394210;0;0;
2934.195;100.000;128.000;18643.000;394189;0;0;
2935.208;100.000;128.000;18644.000;394168;0;0;
2933.743;100.000;128.000;18645.000;394147;0;0;
2934.317;100.000;128.000;18646.000;394127;0;0;
2947.510;100.000;128.000;18647.000;394106;0;0;
2948.771;100.000;128.000;18648.000;394085;0;0;
2935.872;100.000;128.000;18649.000;394065;0;0;
2934.303;100.000;128.000;18650.000;394044;0;0;
2932.193;100.000;128.000;18651.000;394024;0;0;
2934.671;100.000;128.000;18652.000;394004;0;0;
2928.414;100.000;128.000;18653.000;393983;0;0;
2939.931;100.000;128.000;18654.000;393963;0;0;
2942.857;100.000;128.000;18655.000;393943;0;0;
2943.766;100.000;128.000;18656.000;393923;0;0;
2945.086;100.000;128.000;18657.000;393903;0;0;
2932.800;100.000;128.000;18658.000;393883;0;0;
2942.078;100.000;128.000;18659.000;393863;0;0;
2944.165;100.000;128.000;18660.000;393843;0;0;
2936.392;100.000;128.000;18661.000;393823;0;0;
2958.043;100.000;128.000;18662.000;393803;0;0;
3024.835;88.987;0.000;18663.000;393784;0;0;
2758.011;14.701;0.000;18664.000;393764;0;0;
2743.154;16.410;0.000;18665.000;393744;0;0;
1885.418;12.454;0.000;18666.000;393725;0;0;
1858.861;13.504;0.000;18667.000;393705;0;0;
1857.621;22.418;0.000;18668.000;393686;0;0;
1851.063;47.302;0.000;18669.000;393666;0;0;
1871.018;39.048;0.000;18670.000;393647;0;0;
1858.564;35.897;0.000;18671.000;393628;0;0;
1864.189;50.940;0.000;18672.000;393608;0;0;
1865.805;36.288;0.000;18673.000;393589;0;0;
1869.578;22.759;0.000;18674.000;393570;0;0;
1874.468;26.422;0.000;18675.000;393551;0;0;
1886.313;40.147;0.000;18676.000;393532;0;0;
1861.559;58.779;0.000;18677.000;393513;0;0;
1858.008;62.540;0.000;18678.000;393495;0;0;
1872.807;66.056;0.000;18679.000;393476;0;0;
1866.696;70.598;0.000;18680.000;393457;0;0;
1872.023;98.999;0.000;18681.000;393438;0;0;
1871.653;66.838;0.000;18682.000;393420;0;0;
1870.244;21.758;0.000;18683.000;393401;0;0;
1871.621;17.802;0.000;18684.000;393383;0;0;
1877.902;16.801;0.000;18685.000;393364;0;0;
1887.477;33.651;0.000;18686.000;393346;0;0;
1862.045;51.551;0.000;18687.000;393328;0;0;
1874.914;22.540;0.000;18688.000;393309;0;0;
1878.426;18.730;0.000;18689.000;393291;0;0;
1870.757;20.488;0.000;18690.000;393273;0;0;
1851.280;16.532;0.000;18691.000;393255;0;0;
2927.824;13.358;0.000;18692.000;393237;0;0;
2935.702;15.629;0.000;18693.000;393219;0;0;
3182.773;35.800;0.000;18694.000;393201;0;0;
3010.640;100.000;128.000;18695.000;393183;0;0;
2947.911;100.000;128.000;18696.000;393165;0;0;
2936.187;100.000;128.000;18697.000;393147;0;0;
2934.452;100.000;128.000;18698.000;393130;0;0;
2943.064;100.000;128.000;18699.000;393112;0;0;
2952.544;100.000;128.000;18700.000;393094;0;0;
2950.098;100.000;128.000;18701.000;393077;0;0;
2935.814;100.000;128.000;18702.000;393060;0;0;
2939.510;100.000;128.000;18703.000;393042;0;0;
2938.599;100.000;128.000;18704.000;393025;0;0;
2945.740;100.000;128.000;18705.000;393008;0;0;
2939.131;100.000;128.000;18706.000;392990;0;0;
2936.923;100.000;128.000;18707.000;392973;0;0;
2939.504;100.000;128.000;18708.000;392956;0;0;
2940.646;100.000;128.000;18709.000;392939;0;0;
2938.914;100.000;128.000;18710.000;392922;0;0;
2939.974;100.000;128.000;18711.000;392905;0;0;
2943.112;100.000;128.000;18712.000;392888;0;0;
2949.742;100.000;128.000;18713.000;392871;0;0;
2949.638;100.000;128.000;18714.000;392855;0;0;
2951.988;100.000;128.000;18715.000;392838;0;0;
2950.967;100.000;128.000;18716.000;392821;0;0;
2944.063;100.000;128.000;18717.000;392805;0;0;
2926.895;100.000;128.000;18718.000;392788;0;0;
2927.116;100.000;128.000;18719.000;392772;0;0;
2924.889;100.000;128.000;18720.000;392755;0;0;
2937.694;100.000;128.000;18721.000;392739;0;0;
2938.608;100.000;128.000;18722.000;392723;0;0;
2941.960;100.000;128.000;18723.000;392707;0;0;
2931.444;100.000;128.000;18724.000;392691;0;0;
2931.406;100.000;128.000;18725.000;392675;0;0;
2930.375;100.000;128.000;18726.000;392659;0;0;
2934.293;100.000;128.000;18727.000;392643;0;0;
2944.771;100.000;128.000;18728.000;392627;0;0;
2948.047;100.000;128.000;18729.000;392611;0;0;
2945.681;100.000;128.000;18730.000;392595;0;0;
2946.123;100.000;128.000;18731.000;392580;0;0;
2939.854;100.000;128.000;18732.000;392564;0;0;
2953.132;100.000;128.000;18733.000;392549;0;0;
2963.129;100.000;128.000;18734.000;392533;0;0;
2944.825;100.000;128.000;18735.000;392518;0;0;
2944.062;100.000;128.000;18736.000;392503;0;0;
2960.246;100.000;128.000;18737.000;392488;0;0;
2972.546;100.000;128.000;18738.000;392472;0;0;
2948.676;100.000;128.000;18739.000;392457;0;0;
2977.528;100.000;128.000;18740.000;392442;0;0;
2978.841;100.000;128.000;18741.000;392427;0;0;
2987.748;100.000;128.000;18742.000;392412;0;0;
3016.382;100.000;128.000;18743.000;392398;0;0;
3014.837;14.042;0.000;18744.000;392383;0;0;
2748.822;10.696;0.000;18745.000;392368;0;0;
2845.328;10.672;0.000;18746.000;392354;0;0;
1838.413;11.868;0.000;18747.000;392339;0;0;
1858.803;12.015;0.000;18748.000;392325;0;0;
1853.945;11.770;0.000;18749.000;392310;0;0;
1879.846;9.011;0.000;18750.000;392296;0;0;
1852.154;10.452;0.000;18751.000;392282;0;0;
1861.890;14.212;0.000;18752.000;392268;0;0;
1861.129;18.437;0.000;18753.000;392254;0;0;
1863.877;24.420;0.000;18754.000;392240;0;0;
1863.850;19.145;0.000;18755.000;392226;0;0;
1863.430;27.033;0.000;18756.000;392212;0;0;
1863.914;28.156;0.000;18757.000;392198;0;0;
1860.289;18.657;0.000;18758.000;392184;0;0;
1871.914;24.322;0.000;18759.000;392171;0;0;
1870.743;20.220;0.000;18760.000;392157;0;0;
1870.805;28.034;0.000;18761.000;392144;0;0;
1867.619;36.361;0.000;18762.000;392130;0;0;
1867.493;29.133;0.000;18763.000;392117;0;0;
1869.905;29.451;0.000;18764.000;392104;0;0;
1864.997;32.747;0.000;18765.000;392091;0;0;
1867.148;20.049;0.000;18766.000;392077;0;0;
1866.034;21.758;0.000;18767.000;392065;0;0;
1870.645;64.054;0.000;18768.000;392051;0;0;
1866.561;88.010;0.000;18769.000;392039;0;0;
1858.489;82.857;0.000;18770.000;392026;0;0;
1869.662;78.217;0.000;18771.000;392013;0;0;
1867.942;55.140;0.000;18772.000;392000;0;0;
1876.021;24.567;0.000;18773.000;391988;0;0;
1889.013;24.518;0.000;18774.000;391975;0;0;
1911.401;25.690;0.000;18775.000;391963;0;0;
1879.645;52.063;0.000;18776.000;391950;0;0;
1860.609;40.952;0.000;18777.000;391938;0;0;
1859.460;14.896;0.000;18778.000;391926;0;0;
